143 0 2 43 34
144 0 2 44 20
193 0 3 43 240
194 0 3 44 32
243 0 4 43 324
244 0 4 44 32
293 0 5 43 254
294 0 5 44 32
343 0 6 43 46
344 0 6 44 24
543 1 1 43 33
544 1 1 44 378
545 1 1 45 32
592 1 2 42 22
593 1 2 43 431
594 1 2 44 703
595 1 2 45 32
642 1 3 42 198
643 1 3 43 554
644 1 3 44 704
645 1 3 45 32
692 1 4 42 284
693 1 4 43 548
694 1 4 44 704
695 1 4 45 32
742 1 5 42 211
743 1 5 43 557
744 1 5 44 704
745 1 5 45 32
792 1 6 42 31
793 1 6 43 462
794 1 6 44 707
795 1 6 45 32
843 1 7 43 49
844 1 7 44 426
845 1 7 45 32
895 1 8 45 4
944 2 0 44 53
945 2 0 45 256
946 2 0 46 16
992 2 1 42 33
993 2 1 43 359
994 2 1 44 570
995 2 1 45 706
996 2 1 46 32
1041 2 2 41 22
1042 2 2 42 431
1043 2 2 43 539
1044 2 2 44 512
1045 2 2 45 704
1046 2 2 46 32
1091 2 3 41 198
1092 2 3 42 554
1093 2 3 43 512
1094 2 3 44 512
1095 2 3 45 704
1096 2 3 46 32
1141 2 4 41 284
1142 2 4 42 548
1143 2 4 43 512
1144 2 4 44 512
1145 2 4 45 704
1146 2 4 46 32
1191 2 5 41 211
1192 2 5 42 557
1193 2 5 43 512
1194 2 5 44 512
1195 2 5 45 704
1196 2 5 46 32
1241 2 6 41 31
1242 2 6 42 462
1243 2 6 43 531
1244 2 6 44 512
1245 2 6 45 704
1246 2 6 46 32
1292 2 7 42 49
1293 2 7 43 403
1294 2 7 44 563
1295 2 7 45 704
1296 2 7 46 32
1344 2 8 44 102
1345 2 8 45 308
1346 2 8 46 20
1393 3 0 43 53
1394 3 0 44 253
1395 3 0 45 322
1396 3 0 46 380
1397 3 0 47 16
1441 3 1 41 33
1442 3 1 42 359
1443 3 1 43 570
1444 3 1 44 518
1445 3 1 45 512
1446 3 1 46 704
1447 3 1 47 32
1490 3 2 40 22
1491 3 2 41 431
1492 3 2 42 539
1493 3 2 43 512
1494 3 2 44 512
1495 3 2 45 512
1496 3 2 46 704
1497 3 2 47 32
1540 3 3 40 198
1541 3 3 41 554
1542 3 3 42 512
1543 3 3 43 512
1544 3 3 44 512
1545 3 3 45 512
1546 3 3 46 704
1547 3 3 47 32
1590 3 4 40 284
1591 3 4 41 548
1592 3 4 42 512
1593 3 4 43 512
1594 3 4 44 512
1595 3 4 45 512
1596 3 4 46 704
1597 3 4 47 32
1640 3 5 40 211
1641 3 5 41 557
1642 3 5 42 512
1643 3 5 43 512
1644 3 5 44 512
1645 3 5 45 512
1646 3 5 46 704
1647 3 5 47 32
1690 3 6 40 31
1691 3 6 41 462
1692 3 6 42 531
1693 3 6 43 512
1694 3 6 44 512
1695 3 6 45 512
1696 3 6 46 704
1697 3 6 47 32
1741 3 7 41 49
1742 3 7 42 403
1743 3 7 43 563
1744 3 7 44 513
1745 3 7 45 512
1746 3 7 46 704
1747 3 7 47 32
1793 3 8 43 102
1794 3 8 44 292
1795 3 8 45 382
1796 3 8 46 468
1797 3 8 47 20
1842 4 0 42 53
1843 4 0 43 253
1844 4 0 44 322
1845 4 0 45 320
1846 4 0 46 322
1847 4 0 47 222
1890 4 1 40 33
1891 4 1 41 359
1892 4 1 42 570
1893 4 1 43 518
1894 4 1 44 512
1895 4 1 45 512
1896 4 1 46 512
1897 4 1 47 709
1898 4 1 48 28
1939 4 2 39 22
1940 4 2 40 431
1941 4 2 41 539
1942 4 2 42 512
1943 4 2 43 512
1944 4 2 44 512
1945 4 2 45 512
1946 4 2 46 512
1947 4 2 47 704
1948 4 2 48 32
1989 4 3 39 198
1990 4 3 40 554
1991 4 3 41 512
1992 4 3 42 512
1993 4 3 43 512
1994 4 3 44 512
1995 4 3 45 512
1996 4 3 46 512
1997 4 3 47 704
1998 4 3 48 32
2039 4 4 39 284
2040 4 4 40 548
2041 4 4 41 512
2042 4 4 42 512
2043 4 4 43 512
2044 4 4 44 512
2045 4 4 45 512
2046 4 4 46 512
2047 4 4 47 704
2048 4 4 48 32
2089 4 5 39 211
2090 4 5 40 557
2091 4 5 41 512
2092 4 5 42 512
2093 4 5 43 512
2094 4 5 44 512
2095 4 5 45 512
2096 4 5 46 512
2097 4 5 47 704
2098 4 5 48 32
2139 4 6 39 31
2140 4 6 40 462
2141 4 6 41 531
2142 4 6 42 512
2143 4 6 43 512
2144 4 6 44 512
2145 4 6 45 512
2146 4 6 46 512
2147 4 6 47 704
2148 4 6 48 32
2190 4 7 40 49
2191 4 7 41 403
2192 4 7 42 563
2193 4 7 43 513
2194 4 7 44 512
2195 4 7 45 512
2196 4 7 46 512
2197 4 7 47 706
2198 4 7 48 32
2242 4 8 42 102
2243 4 8 43 292
2244 4 8 44 382
2245 4 8 45 385
2246 4 8 46 375
2247 4 8 47 282
2291 5 0 41 53
2292 5 0 42 253
2293 5 0 43 322
2294 5 0 44 320
2295 5 0 45 322
2296 5 0 46 222
2297 5 0 47 36
2339 5 1 39 33
2340 5 1 40 359
2341 5 1 41 570
2342 5 1 42 518
2343 5 1 43 512
2344 5 1 44 512
2345 5 1 45 512
2346 5 1 46 525
2347 5 1 47 550
2348 5 1 48 297
2388 5 2 38 22
2389 5 2 39 431
2390 5 2 40 539
2391 5 2 41 512
2392 5 2 42 512
2393 5 2 43 512
2394 5 2 44 512
2395 5 2 45 512
2396 5 2 46 512
2397 5 2 47 512
2398 5 2 48 697
2399 5 2 49 12
2438 5 3 38 198
2439 5 3 39 554
2440 5 3 40 512
2441 5 3 41 512
2442 5 3 42 512
2443 5 3 43 512
2444 5 3 44 512
2445 5 3 45 512
2446 5 3 46 512
2447 5 3 47 512
2448 5 3 48 704
2449 5 3 49 32
2488 5 4 38 284
2489 5 4 39 548
2490 5 4 40 512
2491 5 4 41 512
2492 5 4 42 512
2493 5 4 43 512
2494 5 4 44 512
2495 5 4 45 512
2496 5 4 46 512
2497 5 4 47 512
2498 5 4 48 704
2499 5 4 49 32
2538 5 5 38 211
2539 5 5 39 557
2540 5 5 40 512
2541 5 5 41 512
2542 5 5 42 512
2543 5 5 43 512
2544 5 5 44 512
2545 5 5 45 512
2546 5 5 46 512
2547 5 5 47 512
2548 5 5 48 704
2549 5 5 49 32
2588 5 6 38 31
2589 5 6 39 462
2590 5 6 40 531
2591 5 6 41 512
2592 5 6 42 512
2593 5 6 43 512
2594 5 6 44 512
2595 5 6 45 512
2596 5 6 46 512
2597 5 6 47 512
2598 5 6 48 696
2599 5 6 49 16
2639 5 7 39 49
2640 5 7 40 403
2641 5 7 41 563
2642 5 7 42 513
2643 5 7 43 512
2644 5 7 44 512
2645 5 7 45 512
2646 5 7 46 518
2647 5 7 47 569
2648 5 7 48 358
2691 5 8 41 102
2692 5 8 42 292
2693 5 8 43 382
2694 5 8 44 385
2695 5 8 45 375
2696 5 8 46 275
2697 5 8 47 61
2740 6 0 40 53
2741 6 0 41 253
2742 6 0 42 322
2743 6 0 43 320
2744 6 0 44 322
2745 6 0 45 222
2746 6 0 46 36
2788 6 1 38 33
2789 6 1 39 359
2790 6 1 40 570
2791 6 1 41 518
2792 6 1 42 512
2793 6 1 43 512
2794 6 1 44 512
2795 6 1 45 525
2796 6 1 46 550
2797 6 1 47 285
2798 6 1 48 8
2837 6 2 37 22
2838 6 2 38 431
2839 6 2 39 539
2840 6 2 40 512
2841 6 2 41 512
2842 6 2 42 512
2843 6 2 43 512
2844 6 2 44 512
2845 6 2 45 512
2846 6 2 46 512
2847 6 2 47 559
2848 6 2 48 353
2849 6 2 49 14
2887 6 3 37 198
2888 6 3 38 554
2889 6 3 39 512
2890 6 3 40 512
2891 6 3 41 512
2892 6 3 42 512
2893 6 3 43 512
2894 6 3 44 512
2895 6 3 45 512
2896 6 3 46 512
2897 6 3 47 512
2898 6 3 48 541
2899 6 3 49 153
2937 6 4 37 284
2938 6 4 38 548
2939 6 4 39 512
2940 6 4 40 512
2941 6 4 41 512
2942 6 4 42 512
2943 6 4 43 512
2944 6 4 44 512
2945 6 4 45 512
2946 6 4 46 512
2947 6 4 47 512
2948 6 4 48 544
2949 6 4 49 240
2987 6 5 37 211
2988 6 5 38 557
2989 6 5 39 512
2990 6 5 40 512
2991 6 5 41 512
2992 6 5 42 512
2993 6 5 43 512
2994 6 5 44 512
2995 6 5 45 512
2996 6 5 46 512
2997 6 5 47 512
2998 6 5 48 547
2999 6 5 49 173
3037 6 6 37 31
3038 6 6 38 462
3039 6 6 39 531
3040 6 6 40 512
3041 6 6 41 512
3042 6 6 42 512
3043 6 6 43 512
3044 6 6 44 512
3045 6 6 45 512
3046 6 6 46 512
3047 6 6 47 549
3048 6 6 48 371
3049 6 6 49 14
3088 6 7 38 49
3089 6 7 39 403
3090 6 7 40 563
3091 6 7 41 513
3092 6 7 42 512
3093 6 7 43 512
3094 6 7 44 512
3095 6 7 45 518
3096 6 7 46 569
3097 6 7 47 341
3098 6 7 48 20
3140 6 8 40 102
3141 6 8 41 292
3142 6 8 42 382
3143 6 8 43 385
3144 6 8 44 375
3145 6 8 45 275
3146 6 8 46 61
3189 7 0 39 53
3190 7 0 40 253
3191 7 0 41 322
3192 7 0 42 320
3193 7 0 43 322
3194 7 0 44 222
3195 7 0 45 36
3237 7 1 37 33
3238 7 1 38 359
3239 7 1 39 570
3240 7 1 40 518
3241 7 1 41 512
3242 7 1 42 512
3243 7 1 43 512
3244 7 1 44 525
3245 7 1 45 550
3246 7 1 46 285
3247 7 1 47 8
3286 7 2 36 22
3287 7 2 37 431
3288 7 2 38 539
3289 7 2 39 512
3290 7 2 40 512
3291 7 2 41 512
3292 7 2 42 512
3293 7 2 43 512
3294 7 2 44 512
3295 7 2 45 512
3296 7 2 46 559
3297 7 2 47 353
3298 7 2 48 8
3336 7 3 36 198
3337 7 3 37 554
3338 7 3 38 512
3339 7 3 39 512
3340 7 3 40 512
3341 7 3 41 512
3342 7 3 42 512
3343 7 3 43 512
3344 7 3 44 512
3345 7 3 45 512
3346 7 3 46 512
3347 7 3 47 541
3348 7 3 48 115
3386 7 4 36 284
3387 7 4 37 548
3388 7 4 38 512
3389 7 4 39 512
3390 7 4 40 512
3391 7 4 41 512
3392 7 4 42 512
3393 7 4 43 512
3394 7 4 44 512
3395 7 4 45 512
3396 7 4 46 512
3397 7 4 47 544
3398 7 4 48 192
3436 7 5 36 211
3437 7 5 37 557
3438 7 5 38 512
3439 7 5 39 512
3440 7 5 40 512
3441 7 5 41 512
3442 7 5 42 512
3443 7 5 43 512
3444 7 5 44 512
3445 7 5 45 512
3446 7 5 46 512
3447 7 5 47 547
3448 7 5 48 133
3486 7 6 36 31
3487 7 6 37 462
3488 7 6 38 531
3489 7 6 39 512
3490 7 6 40 512
3491 7 6 41 512
3492 7 6 42 512
3493 7 6 43 512
3494 7 6 44 512
3495 7 6 45 512
3496 7 6 46 549
3497 7 6 47 371
3498 7 6 48 8
3537 7 7 37 49
3538 7 7 38 403
3539 7 7 39 563
3540 7 7 40 513
3541 7 7 41 512
3542 7 7 42 512
3543 7 7 43 512
3544 7 7 44 518
3545 7 7 45 569
3546 7 7 46 341
3547 7 7 47 20
3589 7 8 39 102
3590 7 8 40 292
3591 7 8 41 382
3592 7 8 42 385
3593 7 8 43 375
3594 7 8 44 275
3595 7 8 45 61
3638 8 0 38 53
3639 8 0 39 253
3640 8 0 40 322
3641 8 0 41 320
3642 8 0 42 322
3643 8 0 43 222
3644 8 0 44 36
3686 8 1 36 33
3687 8 1 37 359
3688 8 1 38 570
3689 8 1 39 518
3690 8 1 40 512
3691 8 1 41 512
3692 8 1 42 512
3693 8 1 43 525
3694 8 1 44 550
3695 8 1 45 285
3696 8 1 46 8
3735 8 2 35 22
3736 8 2 36 431
3737 8 2 37 539
3738 8 2 38 512
3739 8 2 39 512
3740 8 2 40 512
3741 8 2 41 512
3742 8 2 42 512
3743 8 2 43 512
3744 8 2 44 512
3745 8 2 45 559
3746 8 2 46 353
3747 8 2 47 8
3785 8 3 35 198
3786 8 3 36 554
3787 8 3 37 512
3788 8 3 38 512
3789 8 3 39 512
3790 8 3 40 512
3791 8 3 41 512
3792 8 3 42 512
3793 8 3 43 512
3794 8 3 44 512
3795 8 3 45 512
3796 8 3 46 541
3797 8 3 47 115
3835 8 4 35 284
3836 8 4 36 548
3837 8 4 37 512
3838 8 4 38 512
3839 8 4 39 512
3840 8 4 40 512
3841 8 4 41 512
3842 8 4 42 512
3843 8 4 43 512
3844 8 4 44 512
3845 8 4 45 512
3846 8 4 46 544
3847 8 4 47 192
3885 8 5 35 211
3886 8 5 36 557
3887 8 5 37 512
3888 8 5 38 512
3889 8 5 39 512
3890 8 5 40 512
3891 8 5 41 512
3892 8 5 42 512
3893 8 5 43 512
3894 8 5 44 512
3895 8 5 45 512
3896 8 5 46 547
3897 8 5 47 133
3935 8 6 35 31
3936 8 6 36 462
3937 8 6 37 531
3938 8 6 38 512
3939 8 6 39 512
3940 8 6 40 512
3941 8 6 41 512
3942 8 6 42 512
3943 8 6 43 512
3944 8 6 44 512
3945 8 6 45 549
3946 8 6 46 371
3947 8 6 47 8
3986 8 7 36 49
3987 8 7 37 403
3988 8 7 38 563
3989 8 7 39 513
3990 8 7 40 512
3991 8 7 41 512
3992 8 7 42 512
3993 8 7 43 518
3994 8 7 44 569
3995 8 7 45 341
3996 8 7 46 20
4038 8 8 38 102
4039 8 8 39 292
4040 8 8 40 382
4041 8 8 41 385
4042 8 8 42 375
4043 8 8 43 275
4044 8 8 44 61
4087 9 0 37 53
4088 9 0 38 253
4089 9 0 39 322
4090 9 0 40 320
4091 9 0 41 322
4092 9 0 42 222
4093 9 0 43 36
4135 9 1 35 33
4136 9 1 36 359
4137 9 1 37 570
4138 9 1 38 518
4139 9 1 39 512
4140 9 1 40 512
4141 9 1 41 512
4142 9 1 42 525
4143 9 1 43 550
4144 9 1 44 285
4145 9 1 45 8
4184 9 2 34 22
4185 9 2 35 431
4186 9 2 36 539
4187 9 2 37 512
4188 9 2 38 512
4189 9 2 39 512
4190 9 2 40 512
4191 9 2 41 512
4192 9 2 42 512
4193 9 2 43 512
4194 9 2 44 559
4195 9 2 45 353
4196 9 2 46 8
4234 9 3 34 198
4235 9 3 35 554
4236 9 3 36 512
4237 9 3 37 512
4238 9 3 38 512
4239 9 3 39 512
4240 9 3 40 512
4241 9 3 41 512
4242 9 3 42 512
4243 9 3 43 512
4244 9 3 44 512
4245 9 3 45 541
4246 9 3 46 115
4284 9 4 34 284
4285 9 4 35 548
4286 9 4 36 512
4287 9 4 37 512
4288 9 4 38 512
4289 9 4 39 512
4290 9 4 40 512
4291 9 4 41 512
4292 9 4 42 512
4293 9 4 43 512
4294 9 4 44 512
4295 9 4 45 544
4296 9 4 46 192
4334 9 5 34 211
4335 9 5 35 557
4336 9 5 36 512
4337 9 5 37 512
4338 9 5 38 512
4339 9 5 39 512
4340 9 5 40 512
4341 9 5 41 512
4342 9 5 42 512
4343 9 5 43 512
4344 9 5 44 512
4345 9 5 45 547
4346 9 5 46 133
4384 9 6 34 31
4385 9 6 35 462
4386 9 6 36 531
4387 9 6 37 512
4388 9 6 38 512
4389 9 6 39 512
4390 9 6 40 512
4391 9 6 41 512
4392 9 6 42 512
4393 9 6 43 512
4394 9 6 44 549
4395 9 6 45 371
4396 9 6 46 8
4435 9 7 35 49
4436 9 7 36 403
4437 9 7 37 563
4438 9 7 38 513
4439 9 7 39 512
4440 9 7 40 512
4441 9 7 41 512
4442 9 7 42 518
4443 9 7 43 569
4444 9 7 44 341
4445 9 7 45 20
4487 9 8 37 102
4488 9 8 38 292
4489 9 8 39 382
4490 9 8 40 385
4491 9 8 41 375
4492 9 8 42 275
4493 9 8 43 61
4536 10 0 36 53
4537 10 0 37 253
4538 10 0 38 322
4539 10 0 39 320
4540 10 0 40 322
4541 10 0 41 222
4542 10 0 42 36
4584 10 1 34 33
4585 10 1 35 359
4586 10 1 36 570
4587 10 1 37 518
4588 10 1 38 512
4589 10 1 39 512
4590 10 1 40 512
4591 10 1 41 525
4592 10 1 42 550
4593 10 1 43 285
4594 10 1 44 8
4633 10 2 33 22
4634 10 2 34 431
4635 10 2 35 539
4636 10 2 36 512
4637 10 2 37 512
4638 10 2 38 512
4639 10 2 39 512
4640 10 2 40 512
4641 10 2 41 512
4642 10 2 42 512
4643 10 2 43 559
4644 10 2 44 353
4645 10 2 45 8
4683 10 3 33 198
4684 10 3 34 554
4685 10 3 35 512
4686 10 3 36 512
4687 10 3 37 512
4688 10 3 38 512
4689 10 3 39 512
4690 10 3 40 512
4691 10 3 41 512
4692 10 3 42 512
4693 10 3 43 512
4694 10 3 44 541
4695 10 3 45 115
4733 10 4 33 284
4734 10 4 34 548
4735 10 4 35 512
4736 10 4 36 512
4737 10 4 37 512
4738 10 4 38 512
4739 10 4 39 512
4740 10 4 40 512
4741 10 4 41 512
4742 10 4 42 512
4743 10 4 43 512
4744 10 4 44 544
4745 10 4 45 192
4783 10 5 33 211
4784 10 5 34 557
4785 10 5 35 512
4786 10 5 36 512
4787 10 5 37 512
4788 10 5 38 512
4789 10 5 39 512
4790 10 5 40 512
4791 10 5 41 512
4792 10 5 42 512
4793 10 5 43 512
4794 10 5 44 547
4795 10 5 45 133
4833 10 6 33 31
4834 10 6 34 462
4835 10 6 35 531
4836 10 6 36 512
4837 10 6 37 512
4838 10 6 38 512
4839 10 6 39 512
4840 10 6 40 512
4841 10 6 41 512
4842 10 6 42 512
4843 10 6 43 549
4844 10 6 44 371
4845 10 6 45 8
4884 10 7 34 49
4885 10 7 35 403
4886 10 7 36 563
4887 10 7 37 513
4888 10 7 38 512
4889 10 7 39 512
4890 10 7 40 512
4891 10 7 41 518
4892 10 7 42 569
4893 10 7 43 341
4894 10 7 44 20
4936 10 8 36 102
4937 10 8 37 292
4938 10 8 38 382
4939 10 8 39 385
4940 10 8 40 375
4941 10 8 41 275
4942 10 8 42 61
4985 11 0 35 53
4986 11 0 36 253
4987 11 0 37 322
4988 11 0 38 320
4989 11 0 39 322
4990 11 0 40 222
4991 11 0 41 36
5033 11 1 33 33
5034 11 1 34 359
5035 11 1 35 570
5036 11 1 36 518
5037 11 1 37 512
5038 11 1 38 512
5039 11 1 39 512
5040 11 1 40 525
5041 11 1 41 550
5042 11 1 42 285
5043 11 1 43 8
5082 11 2 32 22
5083 11 2 33 431
5084 11 2 34 539
5085 11 2 35 512
5086 11 2 36 512
5087 11 2 37 512
5088 11 2 38 512
5089 11 2 39 512
5090 11 2 40 512
5091 11 2 41 512
5092 11 2 42 559
5093 11 2 43 353
5094 11 2 44 8
5132 11 3 32 198
5133 11 3 33 554
5134 11 3 34 512
5135 11 3 35 512
5136 11 3 36 512
5137 11 3 37 512
5138 11 3 38 512
5139 11 3 39 512
5140 11 3 40 512
5141 11 3 41 512
5142 11 3 42 512
5143 11 3 43 541
5144 11 3 44 115
5182 11 4 32 284
5183 11 4 33 548
5184 11 4 34 512
5185 11 4 35 512
5186 11 4 36 512
5187 11 4 37 512
5188 11 4 38 512
5189 11 4 39 512
5190 11 4 40 512
5191 11 4 41 512
5192 11 4 42 512
5193 11 4 43 544
5194 11 4 44 192
5232 11 5 32 211
5233 11 5 33 557
5234 11 5 34 512
5235 11 5 35 512
5236 11 5 36 512
5237 11 5 37 512
5238 11 5 38 512
5239 11 5 39 512
5240 11 5 40 512
5241 11 5 41 512
5242 11 5 42 512
5243 11 5 43 547
5244 11 5 44 133
5282 11 6 32 31
5283 11 6 33 462
5284 11 6 34 531
5285 11 6 35 512
5286 11 6 36 512
5287 11 6 37 512
5288 11 6 38 512
5289 11 6 39 512
5290 11 6 40 512
5291 11 6 41 512
5292 11 6 42 549
5293 11 6 43 371
5294 11 6 44 8
5333 11 7 33 49
5334 11 7 34 403
5335 11 7 35 563
5336 11 7 36 513
5337 11 7 37 512
5338 11 7 38 512
5339 11 7 39 512
5340 11 7 40 518
5341 11 7 41 569
5342 11 7 42 341
5343 11 7 43 20
5385 11 8 35 102
5386 11 8 36 292
5387 11 8 37 382
5388 11 8 38 385
5389 11 8 39 375
5390 11 8 40 275
5391 11 8 41 61
5434 12 0 34 53
5435 12 0 35 253
5436 12 0 36 322
5437 12 0 37 320
5438 12 0 38 322
5439 12 0 39 222
5440 12 0 40 36
5482 12 1 32 33
5483 12 1 33 359
5484 12 1 34 570
5485 12 1 35 518
5486 12 1 36 512
5487 12 1 37 512
5488 12 1 38 512
5489 12 1 39 525
5490 12 1 40 550
5491 12 1 41 285
5492 12 1 42 8
5531 12 2 31 22
5532 12 2 32 431
5533 12 2 33 539
5534 12 2 34 512
5535 12 2 35 512
5536 12 2 36 512
5537 12 2 37 512
5538 12 2 38 512
5539 12 2 39 512
5540 12 2 40 512
5541 12 2 41 559
5542 12 2 42 353
5543 12 2 43 8
5581 12 3 31 198
5582 12 3 32 554
5583 12 3 33 512
5584 12 3 34 512
5585 12 3 35 512
5586 12 3 36 512
5587 12 3 37 512
5588 12 3 38 512
5589 12 3 39 512
5590 12 3 40 512
5591 12 3 41 512
5592 12 3 42 541
5593 12 3 43 115
5631 12 4 31 284
5632 12 4 32 548
5633 12 4 33 512
5634 12 4 34 512
5635 12 4 35 512
5636 12 4 36 512
5637 12 4 37 512
5638 12 4 38 512
5639 12 4 39 512
5640 12 4 40 512
5641 12 4 41 512
5642 12 4 42 544
5643 12 4 43 192
5681 12 5 31 211
5682 12 5 32 557
5683 12 5 33 512
5684 12 5 34 512
5685 12 5 35 512
5686 12 5 36 512
5687 12 5 37 512
5688 12 5 38 512
5689 12 5 39 512
5690 12 5 40 512
5691 12 5 41 512
5692 12 5 42 547
5693 12 5 43 133
5731 12 6 31 31
5732 12 6 32 462
5733 12 6 33 531
5734 12 6 34 512
5735 12 6 35 512
5736 12 6 36 512
5737 12 6 37 512
5738 12 6 38 512
5739 12 6 39 512
5740 12 6 40 512
5741 12 6 41 549
5742 12 6 42 371
5743 12 6 43 8
5782 12 7 32 49
5783 12 7 33 403
5784 12 7 34 563
5785 12 7 35 513
5786 12 7 36 512
5787 12 7 37 512
5788 12 7 38 512
5789 12 7 39 518
5790 12 7 40 569
5791 12 7 41 341
5792 12 7 42 20
5834 12 8 34 102
5835 12 8 35 292
5836 12 8 36 382
5837 12 8 37 385
5838 12 8 38 375
5839 12 8 39 275
5840 12 8 40 61
5883 13 0 33 53
5884 13 0 34 253
5885 13 0 35 322
5886 13 0 36 320
5887 13 0 37 322
5888 13 0 38 222
5889 13 0 39 36
5931 13 1 31 33
5932 13 1 32 359
5933 13 1 33 570
5934 13 1 34 518
5935 13 1 35 512
5936 13 1 36 512
5937 13 1 37 512
5938 13 1 38 525
5939 13 1 39 550
5940 13 1 40 285
5941 13 1 41 8
5980 13 2 30 22
5981 13 2 31 431
5982 13 2 32 539
5983 13 2 33 512
5984 13 2 34 512
5985 13 2 35 512
5986 13 2 36 512
5987 13 2 37 512
5988 13 2 38 512
5989 13 2 39 512
5990 13 2 40 559
5991 13 2 41 353
5992 13 2 42 8
6030 13 3 30 198
6031 13 3 31 554
6032 13 3 32 512
6033 13 3 33 512
6034 13 3 34 512
6035 13 3 35 512
6036 13 3 36 512
6037 13 3 37 512
6038 13 3 38 512
6039 13 3 39 512
6040 13 3 40 512
6041 13 3 41 541
6042 13 3 42 115
6080 13 4 30 284
6081 13 4 31 548
6082 13 4 32 512
6083 13 4 33 512
6084 13 4 34 512
6085 13 4 35 512
6086 13 4 36 512
6087 13 4 37 512
6088 13 4 38 512
6089 13 4 39 512
6090 13 4 40 512
6091 13 4 41 544
6092 13 4 42 192
6130 13 5 30 211
6131 13 5 31 557
6132 13 5 32 512
6133 13 5 33 512
6134 13 5 34 512
6135 13 5 35 512
6136 13 5 36 512
6137 13 5 37 512
6138 13 5 38 512
6139 13 5 39 512
6140 13 5 40 512
6141 13 5 41 547
6142 13 5 42 133
6180 13 6 30 31
6181 13 6 31 462
6182 13 6 32 531
6183 13 6 33 512
6184 13 6 34 512
6185 13 6 35 512
6186 13 6 36 512
6187 13 6 37 512
6188 13 6 38 512
6189 13 6 39 512
6190 13 6 40 549
6191 13 6 41 371
6192 13 6 42 8
6231 13 7 31 49
6232 13 7 32 403
6233 13 7 33 563
6234 13 7 34 513
6235 13 7 35 512
6236 13 7 36 512
6237 13 7 37 512
6238 13 7 38 518
6239 13 7 39 569
6240 13 7 40 341
6241 13 7 41 20
6283 13 8 33 102
6284 13 8 34 292
6285 13 8 35 382
6286 13 8 36 385
6287 13 8 37 375
6288 13 8 38 275
6289 13 8 39 61
6332 14 0 32 53
6333 14 0 33 253
6334 14 0 34 322
6335 14 0 35 320
6336 14 0 36 322
6337 14 0 37 222
6338 14 0 38 36
6380 14 1 30 33
6381 14 1 31 359
6382 14 1 32 570
6383 14 1 33 518
6384 14 1 34 512
6385 14 1 35 512
6386 14 1 36 512
6387 14 1 37 525
6388 14 1 38 550
6389 14 1 39 285
6390 14 1 40 8
6429 14 2 29 22
6430 14 2 30 431
6431 14 2 31 539
6432 14 2 32 512
6433 14 2 33 512
6434 14 2 34 512
6435 14 2 35 512
6436 14 2 36 512
6437 14 2 37 512
6438 14 2 38 512
6439 14 2 39 559
6440 14 2 40 353
6441 14 2 41 8
6479 14 3 29 198
6480 14 3 30 554
6481 14 3 31 512
6482 14 3 32 512
6483 14 3 33 512
6484 14 3 34 512
6485 14 3 35 512
6486 14 3 36 512
6487 14 3 37 512
6488 14 3 38 512
6489 14 3 39 512
6490 14 3 40 541
6491 14 3 41 115
6529 14 4 29 284
6530 14 4 30 548
6531 14 4 31 512
6532 14 4 32 512
6533 14 4 33 512
6534 14 4 34 512
6535 14 4 35 512
6536 14 4 36 512
6537 14 4 37 512
6538 14 4 38 512
6539 14 4 39 512
6540 14 4 40 544
6541 14 4 41 192
6579 14 5 29 211
6580 14 5 30 557
6581 14 5 31 512
6582 14 5 32 512
6583 14 5 33 512
6584 14 5 34 512
6585 14 5 35 512
6586 14 5 36 512
6587 14 5 37 512
6588 14 5 38 512
6589 14 5 39 512
6590 14 5 40 547
6591 14 5 41 133
6629 14 6 29 31
6630 14 6 30 462
6631 14 6 31 531
6632 14 6 32 512
6633 14 6 33 512
6634 14 6 34 512
6635 14 6 35 512
6636 14 6 36 512
6637 14 6 37 512
6638 14 6 38 512
6639 14 6 39 549
6640 14 6 40 371
6641 14 6 41 8
6680 14 7 30 49
6681 14 7 31 403
6682 14 7 32 563
6683 14 7 33 513
6684 14 7 34 512
6685 14 7 35 512
6686 14 7 36 512
6687 14 7 37 518
6688 14 7 38 569
6689 14 7 39 341
6690 14 7 40 20
6732 14 8 32 102
6733 14 8 33 292
6734 14 8 34 382
6735 14 8 35 385
6736 14 8 36 375
6737 14 8 37 275
6738 14 8 38 61
6781 15 0 31 53
6782 15 0 32 253
6783 15 0 33 322
6784 15 0 34 320
6785 15 0 35 322
6786 15 0 36 222
6787 15 0 37 36
6829 15 1 29 33
6830 15 1 30 359
6831 15 1 31 570
6832 15 1 32 518
6833 15 1 33 512
6834 15 1 34 512
6835 15 1 35 512
6836 15 1 36 525
6837 15 1 37 550
6838 15 1 38 285
6839 15 1 39 8
6878 15 2 28 22
6879 15 2 29 431
6880 15 2 30 539
6881 15 2 31 512
6882 15 2 32 512
6883 15 2 33 512
6884 15 2 34 512
6885 15 2 35 512
6886 15 2 36 512
6887 15 2 37 512
6888 15 2 38 559
6889 15 2 39 353
6890 15 2 40 8
6928 15 3 28 198
6929 15 3 29 554
6930 15 3 30 512
6931 15 3 31 512
6932 15 3 32 512
6933 15 3 33 512
6934 15 3 34 512
6935 15 3 35 512
6936 15 3 36 512
6937 15 3 37 512
6938 15 3 38 512
6939 15 3 39 541
6940 15 3 40 115
6978 15 4 28 284
6979 15 4 29 548
6980 15 4 30 512
6981 15 4 31 512
6982 15 4 32 512
6983 15 4 33 512
6984 15 4 34 512
6985 15 4 35 512
6986 15 4 36 512
6987 15 4 37 512
6988 15 4 38 512
6989 15 4 39 544
6990 15 4 40 192
7028 15 5 28 211
7029 15 5 29 557
7030 15 5 30 512
7031 15 5 31 512
7032 15 5 32 512
7033 15 5 33 512
7034 15 5 34 512
7035 15 5 35 512
7036 15 5 36 512
7037 15 5 37 512
7038 15 5 38 512
7039 15 5 39 547
7040 15 5 40 133
7078 15 6 28 31
7079 15 6 29 462
7080 15 6 30 531
7081 15 6 31 512
7082 15 6 32 512
7083 15 6 33 512
7084 15 6 34 512
7085 15 6 35 512
7086 15 6 36 512
7087 15 6 37 512
7088 15 6 38 549
7089 15 6 39 371
7090 15 6 40 8
7129 15 7 29 49
7130 15 7 30 403
7131 15 7 31 563
7132 15 7 32 513
7133 15 7 33 512
7134 15 7 34 512
7135 15 7 35 512
7136 15 7 36 518
7137 15 7 37 569
7138 15 7 38 341
7139 15 7 39 20
7181 15 8 31 102
7182 15 8 32 292
7183 15 8 33 382
7184 15 8 34 385
7185 15 8 35 375
7186 15 8 36 275
7187 15 8 37 61
7230 16 0 30 53
7231 16 0 31 253
7232 16 0 32 322
7233 16 0 33 320
7234 16 0 34 322
7235 16 0 35 222
7236 16 0 36 36
7278 16 1 28 33
7279 16 1 29 359
7280 16 1 30 570
7281 16 1 31 518
7282 16 1 32 512
7283 16 1 33 512
7284 16 1 34 512
7285 16 1 35 525
7286 16 1 36 550
7287 16 1 37 285
7288 16 1 38 8
7327 16 2 27 22
7328 16 2 28 431
7329 16 2 29 539
7330 16 2 30 512
7331 16 2 31 512
7332 16 2 32 512
7333 16 2 33 512
7334 16 2 34 512
7335 16 2 35 512
7336 16 2 36 512
7337 16 2 37 559
7338 16 2 38 353
7339 16 2 39 8
7350 16 3 0 111
7351 16 3 1 168
7352 16 3 2 168
7353 16 3 3 168
7354 16 3 4 168
7355 16 3 5 168
7356 16 3 6 168
7357 16 3 7 168
7358 16 3 8 168
7359 16 3 9 168
7360 16 3 10 168
7361 16 3 11 168
7362 16 3 12 168
7363 16 3 13 168
7364 16 3 14 168
7365 16 3 15 168
7366 16 3 16 168
7367 16 3 17 168
7368 16 3 18 168
7369 16 3 19 168
7370 16 3 20 168
7371 16 3 21 168
7372 16 3 22 168
7373 16 3 23 168
7374 16 3 24 168
7375 16 3 25 168
7376 16 3 26 168
7377 16 3 27 261
7378 16 3 28 554
7379 16 3 29 512
7380 16 3 30 512
7381 16 3 31 512
7382 16 3 32 512
7383 16 3 33 512
7384 16 3 34 512
7385 16 3 35 512
7386 16 3 36 512
7387 16 3 37 512
7388 16 3 38 541
7389 16 3 39 115
7400 16 4 0 191
7401 16 4 1 264
7402 16 4 2 264
7403 16 4 3 264
7404 16 4 4 264
7405 16 4 5 264
7406 16 4 6 264
7407 16 4 7 264
7408 16 4 8 264
7409 16 4 9 264
7410 16 4 10 264
7411 16 4 11 264
7412 16 4 12 264
7413 16 4 13 264
7414 16 4 14 264
7415 16 4 15 264
7416 16 4 16 264
7417 16 4 17 264
7418 16 4 18 264
7419 16 4 19 264
7420 16 4 20 264
7421 16 4 21 264
7422 16 4 22 264
7423 16 4 23 264
7424 16 4 24 264
7425 16 4 25 264
7426 16 4 26 264
7427 16 4 27 351
7428 16 4 28 548
7429 16 4 29 512
7430 16 4 30 512
7431 16 4 31 512
7432 16 4 32 512
7433 16 4 33 512
7434 16 4 34 512
7435 16 4 35 512
7436 16 4 36 512
7437 16 4 37 512
7438 16 4 38 544
7439 16 4 39 192
7450 16 5 0 118
7451 16 5 1 176
7452 16 5 2 176
7453 16 5 3 176
7454 16 5 4 176
7455 16 5 5 176
7456 16 5 6 176
7457 16 5 7 176
7458 16 5 8 176
7459 16 5 9 176
7460 16 5 10 176
7461 16 5 11 176
7462 16 5 12 176
7463 16 5 13 176
7464 16 5 14 176
7465 16 5 15 176
7466 16 5 16 176
7467 16 5 17 176
7468 16 5 18 176
7469 16 5 19 176
7470 16 5 20 176
7471 16 5 21 176
7472 16 5 22 176
7473 16 5 23 176
7474 16 5 24 176
7475 16 5 25 176
7476 16 5 26 176
7477 16 5 27 273
7478 16 5 28 557
7479 16 5 29 512
7480 16 5 30 512
7481 16 5 31 512
7482 16 5 32 512
7483 16 5 33 512
7484 16 5 34 512
7485 16 5 35 512
7486 16 5 36 512
7487 16 5 37 512
7488 16 5 38 547
7489 16 5 39 133
7527 16 6 27 31
7528 16 6 28 462
7529 16 6 29 531
7530 16 6 30 512
7531 16 6 31 512
7532 16 6 32 512
7533 16 6 33 512
7534 16 6 34 512
7535 16 6 35 512
7536 16 6 36 512
7537 16 6 37 549
7538 16 6 38 371
7539 16 6 39 8
7578 16 7 28 49
7579 16 7 29 403
7580 16 7 30 563
7581 16 7 31 513
7582 16 7 32 512
7583 16 7 33 512
7584 16 7 34 512
7585 16 7 35 518
7586 16 7 36 569
7587 16 7 37 341
7588 16 7 38 20
7630 16 8 30 102
7631 16 8 31 292
7632 16 8 32 382
7633 16 8 33 385
7634 16 8 34 375
7635 16 8 35 275
7636 16 8 36 61
7679 17 0 29 53
7680 17 0 30 253
7681 17 0 31 322
7682 17 0 32 320
7683 17 0 33 322
7684 17 0 34 222
7685 17 0 35 36
7700 17 1 0 64
7701 17 1 1 96
7702 17 1 2 96
7703 17 1 3 96
7704 17 1 4 96
7705 17 1 5 96
7706 17 1 6 96
7707 17 1 7 96
7708 17 1 8 96
7709 17 1 9 96
7710 17 1 10 96
7711 17 1 11 96
7712 17 1 12 96
7713 17 1 13 96
7714 17 1 14 96
7715 17 1 15 96
7716 17 1 16 96
7717 17 1 17 96
7718 17 1 18 96
7719 17 1 19 96
7720 17 1 20 96
7721 17 1 21 96
7722 17 1 22 96
7723 17 1 23 96
7724 17 1 24 96
7725 17 1 25 96
7726 17 1 26 96
7727 17 1 27 100
7728 17 1 28 358
7729 17 1 29 570
7730 17 1 30 518
7731 17 1 31 512
7732 17 1 32 512
7733 17 1 33 512
7734 17 1 34 525
7735 17 1 35 550
7736 17 1 36 285
7737 17 1 37 8
7750 17 2 0 396
7751 17 2 1 512
7752 17 2 2 512
7753 17 2 3 512
7754 17 2 4 512
7755 17 2 5 512
7756 17 2 6 512
7757 17 2 7 512
7758 17 2 8 512
7759 17 2 9 512
7760 17 2 10 512
7761 17 2 11 512
7762 17 2 12 512
7763 17 2 13 512
7764 17 2 14 512
7765 17 2 15 512
7766 17 2 16 512
7767 17 2 17 512
7768 17 2 18 512
7769 17 2 19 512
7770 17 2 20 512
7771 17 2 21 512
7772 17 2 22 512
7773 17 2 23 512
7774 17 2 24 512
7775 17 2 25 512
7776 17 2 26 512
7777 17 2 27 528
7778 17 2 28 539
7779 17 2 29 512
7780 17 2 30 512
7781 17 2 31 512
7782 17 2 32 512
7783 17 2 33 512
7784 17 2 34 512
7785 17 2 35 512
7786 17 2 36 559
7787 17 2 37 353
7788 17 2 38 8
7800 17 3 0 451
7801 17 3 1 520
7802 17 3 2 520
7803 17 3 3 520
7804 17 3 4 520
7805 17 3 5 520
7806 17 3 6 520
7807 17 3 7 520
7808 17 3 8 520
7809 17 3 9 520
7810 17 3 10 520
7811 17 3 11 520
7812 17 3 12 520
7813 17 3 13 520
7814 17 3 14 520
7815 17 3 15 520
7816 17 3 16 520
7817 17 3 17 520
7818 17 3 18 520
7819 17 3 19 520
7820 17 3 20 520
7821 17 3 21 520
7822 17 3 22 520
7823 17 3 23 520
7824 17 3 24 520
7825 17 3 25 520
7826 17 3 26 520
7827 17 3 27 518
7828 17 3 28 512
7829 17 3 29 512
7830 17 3 30 512
7831 17 3 31 512
7832 17 3 32 512
7833 17 3 33 512
7834 17 3 34 512
7835 17 3 35 512
7836 17 3 36 512
7837 17 3 37 541
7838 17 3 38 115
7850 17 4 0 448
7851 17 4 1 512
7852 17 4 2 512
7853 17 4 3 512
7854 17 4 4 512
7855 17 4 5 512
7856 17 4 6 512
7857 17 4 7 512
7858 17 4 8 512
7859 17 4 9 512
7860 17 4 10 512
7861 17 4 11 512
7862 17 4 12 512
7863 17 4 13 512
7864 17 4 14 512
7865 17 4 15 512
7866 17 4 16 512
7867 17 4 17 512
7868 17 4 18 512
7869 17 4 19 512
7870 17 4 20 512
7871 17 4 21 512
7872 17 4 22 512
7873 17 4 23 512
7874 17 4 24 512
7875 17 4 25 512
7876 17 4 26 512
7877 17 4 27 512
7878 17 4 28 512
7879 17 4 29 512
7880 17 4 30 512
7881 17 4 31 512
7882 17 4 32 512
7883 17 4 33 512
7884 17 4 34 512
7885 17 4 35 512
7886 17 4 36 512
7887 17 4 37 544
7888 17 4 38 192
7900 17 5 0 451
7901 17 5 1 520
7902 17 5 2 520
7903 17 5 3 520
7904 17 5 4 520
7905 17 5 5 520
7906 17 5 6 520
7907 17 5 7 520
7908 17 5 8 520
7909 17 5 9 520
7910 17 5 10 520
7911 17 5 11 520
7912 17 5 12 520
7913 17 5 13 520
7914 17 5 14 520
7915 17 5 15 520
7916 17 5 16 520
7917 17 5 17 520
7918 17 5 18 520
7919 17 5 19 520
7920 17 5 20 520
7921 17 5 21 520
7922 17 5 22 520
7923 17 5 23 520
7924 17 5 24 520
7925 17 5 25 520
7926 17 5 26 520
7927 17 5 27 518
7928 17 5 28 512
7929 17 5 29 512
7930 17 5 30 512
7931 17 5 31 512
7932 17 5 32 512
7933 17 5 33 512
7934 17 5 34 512
7935 17 5 35 512
7936 17 5 36 512
7937 17 5 37 547
7938 17 5 38 133
7950 17 6 0 400
7951 17 6 1 512
7952 17 6 2 512
7953 17 6 3 512
7954 17 6 4 512
7955 17 6 5 512
7956 17 6 6 512
7957 17 6 7 512
7958 17 6 8 512
7959 17 6 9 512
7960 17 6 10 512
7961 17 6 11 512
7962 17 6 12 512
7963 17 6 13 512
7964 17 6 14 512
7965 17 6 15 512
7966 17 6 16 512
7967 17 6 17 512
7968 17 6 18 512
7969 17 6 19 512
7970 17 6 20 512
7971 17 6 21 512
7972 17 6 22 512
7973 17 6 23 512
7974 17 6 24 512
7975 17 6 25 512
7976 17 6 26 512
7977 17 6 27 533
7978 17 6 28 531
7979 17 6 29 512
7980 17 6 30 512
7981 17 6 31 512
7982 17 6 32 512
7983 17 6 33 512
7984 17 6 34 512
7985 17 6 35 512
7986 17 6 36 549
7987 17 6 37 371
7988 17 6 38 8
8000 17 7 0 91
8001 17 7 1 136
8002 17 7 2 136
8003 17 7 3 136
8004 17 7 4 136
8005 17 7 5 136
8006 17 7 6 136
8007 17 7 7 136
8008 17 7 8 136
8009 17 7 9 136
8010 17 7 10 136
8011 17 7 11 136
8012 17 7 12 136
8013 17 7 13 136
8014 17 7 14 136
8015 17 7 15 136
8016 17 7 16 136
8017 17 7 17 136
8018 17 7 18 136
8019 17 7 19 136
8020 17 7 20 136
8021 17 7 21 136
8022 17 7 22 136
8023 17 7 23 136
8024 17 7 24 136
8025 17 7 25 136
8026 17 7 26 136
8027 17 7 27 138
8028 17 7 28 403
8029 17 7 29 563
8030 17 7 30 513
8031 17 7 31 512
8032 17 7 32 512
8033 17 7 33 512
8034 17 7 34 518
8035 17 7 35 569
8036 17 7 36 341
8037 17 7 37 20
8079 17 8 29 102
8080 17 8 30 292
8081 17 8 31 382
8082 17 8 32 385
8083 17 8 33 375
8084 17 8 34 275
8085 17 8 35 61
8100 18 0 0 10
8101 18 0 1 16
8102 18 0 2 16
8103 18 0 3 16
8104 18 0 4 16
8105 18 0 5 16
8106 18 0 6 16
8107 18 0 7 16
8108 18 0 8 16
8109 18 0 9 16
8110 18 0 10 16
8111 18 0 11 16
8112 18 0 12 16
8113 18 0 13 16
8114 18 0 14 16
8115 18 0 15 16
8116 18 0 16 16
8117 18 0 17 16
8118 18 0 18 16
8119 18 0 19 16
8120 18 0 20 16
8121 18 0 21 16
8122 18 0 22 16
8123 18 0 23 16
8124 18 0 24 16
8125 18 0 25 16
8126 18 0 26 16
8127 18 0 27 16
8128 18 0 28 57
8129 18 0 29 253
8130 18 0 30 322
8131 18 0 31 320
8132 18 0 32 322
8133 18 0 33 222
8134 18 0 34 36
8150 18 1 0 410
8151 18 1 1 528
8152 18 1 2 528
8153 18 1 3 528
8154 18 1 4 528
8155 18 1 5 528
8156 18 1 6 528
8157 18 1 7 528
8158 18 1 8 528
8159 18 1 9 528
8160 18 1 10 528
8161 18 1 11 528
8162 18 1 12 528
8163 18 1 13 528
8164 18 1 14 528
8165 18 1 15 528
8166 18 1 16 528
8167 18 1 17 528
8168 18 1 18 528
8169 18 1 19 528
8170 18 1 20 528
8171 18 1 21 528
8172 18 1 22 528
8173 18 1 23 528
8174 18 1 24 528
8175 18 1 25 528
8176 18 1 26 528
8177 18 1 27 528
8178 18 1 28 566
8179 18 1 29 518
8180 18 1 30 512
8181 18 1 31 512
8182 18 1 32 512
8183 18 1 33 525
8184 18 1 34 550
8185 18 1 35 285
8186 18 1 36 8
8200 18 2 0 448
8201 18 2 1 512
8202 18 2 2 512
8203 18 2 3 512
8204 18 2 4 512
8205 18 2 5 512
8206 18 2 6 512
8207 18 2 7 512
8208 18 2 8 512
8209 18 2 9 512
8210 18 2 10 512
8211 18 2 11 512
8212 18 2 12 512
8213 18 2 13 512
8214 18 2 14 512
8215 18 2 15 512
8216 18 2 16 512
8217 18 2 17 512
8218 18 2 18 512
8219 18 2 19 512
8220 18 2 20 512
8221 18 2 21 512
8222 18 2 22 512
8223 18 2 23 512
8224 18 2 24 512
8225 18 2 25 512
8226 18 2 26 512
8227 18 2 27 512
8228 18 2 28 512
8229 18 2 29 512
8230 18 2 30 512
8231 18 2 31 512
8232 18 2 32 512
8233 18 2 33 512
8234 18 2 34 512
8235 18 2 35 559
8236 18 2 36 353
8237 18 2 37 8
8250 18 3 0 448
8251 18 3 1 512
8252 18 3 2 512
8253 18 3 3 512
8254 18 3 4 512
8255 18 3 5 512
8256 18 3 6 512
8257 18 3 7 512
8258 18 3 8 512
8259 18 3 9 512
8260 18 3 10 512
8261 18 3 11 512
8262 18 3 12 512
8263 18 3 13 512
8264 18 3 14 512
8265 18 3 15 512
8266 18 3 16 512
8267 18 3 17 512
8268 18 3 18 512
8269 18 3 19 512
8270 18 3 20 512
8271 18 3 21 512
8272 18 3 22 512
8273 18 3 23 512
8274 18 3 24 512
8275 18 3 25 512
8276 18 3 26 512
8277 18 3 27 512
8278 18 3 28 512
8279 18 3 29 512
8280 18 3 30 512
8281 18 3 31 512
8282 18 3 32 512
8283 18 3 33 512
8284 18 3 34 512
8285 18 3 35 512
8286 18 3 36 541
8287 18 3 37 115
8300 18 4 0 448
8301 18 4 1 512
8302 18 4 2 512
8303 18 4 3 512
8304 18 4 4 512
8305 18 4 5 512
8306 18 4 6 512
8307 18 4 7 512
8308 18 4 8 512
8309 18 4 9 512
8310 18 4 10 512
8311 18 4 11 512
8312 18 4 12 512
8313 18 4 13 512
8314 18 4 14 512
8315 18 4 15 512
8316 18 4 16 512
8317 18 4 17 512
8318 18 4 18 512
8319 18 4 19 512
8320 18 4 20 512
8321 18 4 21 512
8322 18 4 22 512
8323 18 4 23 512
8324 18 4 24 512
8325 18 4 25 512
8326 18 4 26 512
8327 18 4 27 512
8328 18 4 28 512
8329 18 4 29 512
8330 18 4 30 512
8331 18 4 31 512
8332 18 4 32 512
8333 18 4 33 512
8334 18 4 34 512
8335 18 4 35 512
8336 18 4 36 544
8337 18 4 37 192
8350 18 5 0 448
8351 18 5 1 512
8352 18 5 2 512
8353 18 5 3 512
8354 18 5 4 512
8355 18 5 5 512
8356 18 5 6 512
8357 18 5 7 512
8358 18 5 8 512
8359 18 5 9 512
8360 18 5 10 512
8361 18 5 11 512
8362 18 5 12 512
8363 18 5 13 512
8364 18 5 14 512
8365 18 5 15 512
8366 18 5 16 512
8367 18 5 17 512
8368 18 5 18 512
8369 18 5 19 512
8370 18 5 20 512
8371 18 5 21 512
8372 18 5 22 512
8373 18 5 23 512
8374 18 5 24 512
8375 18 5 25 512
8376 18 5 26 512
8377 18 5 27 512
8378 18 5 28 512
8379 18 5 29 512
8380 18 5 30 512
8381 18 5 31 512
8382 18 5 32 512
8383 18 5 33 512
8384 18 5 34 512
8385 18 5 35 512
8386 18 5 36 547
8387 18 5 37 133
8400 18 6 0 448
8401 18 6 1 512
8402 18 6 2 512
8403 18 6 3 512
8404 18 6 4 512
8405 18 6 5 512
8406 18 6 6 512
8407 18 6 7 512
8408 18 6 8 512
8409 18 6 9 512
8410 18 6 10 512
8411 18 6 11 512
8412 18 6 12 512
8413 18 6 13 512
8414 18 6 14 512
8415 18 6 15 512
8416 18 6 16 512
8417 18 6 17 512
8418 18 6 18 512
8419 18 6 19 512
8420 18 6 20 512
8421 18 6 21 512
8422 18 6 22 512
8423 18 6 23 512
8424 18 6 24 512
8425 18 6 25 512
8426 18 6 26 512
8427 18 6 27 512
8428 18 6 28 512
8429 18 6 29 512
8430 18 6 30 512
8431 18 6 31 512
8432 18 6 32 512
8433 18 6 33 512
8434 18 6 34 512
8435 18 6 35 549
8436 18 6 36 371
8437 18 6 37 8
8450 18 7 0 429
8451 18 7 1 536
8452 18 7 2 536
8453 18 7 3 536
8454 18 7 4 536
8455 18 7 5 536
8456 18 7 6 536
8457 18 7 7 536
8458 18 7 8 536
8459 18 7 9 536
8460 18 7 10 536
8461 18 7 11 536
8462 18 7 12 536
8463 18 7 13 536
8464 18 7 14 536
8465 18 7 15 536
8466 18 7 16 536
8467 18 7 17 536
8468 18 7 18 536
8469 18 7 19 536
8470 18 7 20 536
8471 18 7 21 536
8472 18 7 22 536
8473 18 7 23 536
8474 18 7 24 536
8475 18 7 25 536
8476 18 7 26 536
8477 18 7 27 536
8478 18 7 28 554
8479 18 7 29 513
8480 18 7 30 512
8481 18 7 31 512
8482 18 7 32 512
8483 18 7 33 518
8484 18 7 34 569
8485 18 7 35 341
8486 18 7 36 20
8500 18 8 0 40
8501 18 8 1 64
8502 18 8 2 64
8503 18 8 3 64
8504 18 8 4 64
8505 18 8 5 64
8506 18 8 6 64
8507 18 8 7 64
8508 18 8 8 64
8509 18 8 9 64
8510 18 8 10 64
8511 18 8 11 64
8512 18 8 12 64
8513 18 8 13 64
8514 18 8 14 64
8515 18 8 15 64
8516 18 8 16 64
8517 18 8 17 64
8518 18 8 18 64
8519 18 8 19 64
8520 18 8 20 64
8521 18 8 21 64
8522 18 8 22 64
8523 18 8 23 64
8524 18 8 24 64
8525 18 8 25 64
8526 18 8 26 64
8527 18 8 27 64
8528 18 8 28 114
8529 18 8 29 292
8530 18 8 30 382
8531 18 8 31 385
8532 18 8 32 375
8533 18 8 33 275
8534 18 8 34 61
8550 19 0 0 194
8551 19 0 1 272
8552 19 0 2 272
8553 19 0 3 272
8554 19 0 4 272
8555 19 0 5 272
8556 19 0 6 272
8557 19 0 7 272
8558 19 0 8 272
8559 19 0 9 272
8560 19 0 10 272
8561 19 0 11 272
8562 19 0 12 272
8563 19 0 13 272
8564 19 0 14 272
8565 19 0 15 272
8566 19 0 16 272
8567 19 0 17 272
8568 19 0 18 272
8569 19 0 19 272
8570 19 0 20 272
8571 19 0 21 272
8572 19 0 22 272
8573 19 0 23 272
8574 19 0 24 272
8575 19 0 25 272
8576 19 0 26 272
8577 19 0 27 272
8578 19 0 28 281
8579 19 0 29 322
8580 19 0 30 320
8581 19 0 31 322
8582 19 0 32 222
8583 19 0 33 36
8600 19 1 0 448
8601 19 1 1 512
8602 19 1 2 512
8603 19 1 3 512
8604 19 1 4 512
8605 19 1 5 512
8606 19 1 6 512
8607 19 1 7 512
8608 19 1 8 512
8609 19 1 9 512
8610 19 1 10 512
8611 19 1 11 512
8612 19 1 12 512
8613 19 1 13 512
8614 19 1 14 512
8615 19 1 15 512
8616 19 1 16 512
8617 19 1 17 512
8618 19 1 18 512
8619 19 1 19 512
8620 19 1 20 512
8621 19 1 21 512
8622 19 1 22 512
8623 19 1 23 512
8624 19 1 24 512
8625 19 1 25 512
8626 19 1 26 512
8627 19 1 27 512
8628 19 1 28 512
8629 19 1 29 512
8630 19 1 30 512
8631 19 1 31 512
8632 19 1 32 525
8633 19 1 33 550
8634 19 1 34 285
8635 19 1 35 8
8650 19 2 0 448
8651 19 2 1 512
8652 19 2 2 512
8653 19 2 3 512
8654 19 2 4 512
8655 19 2 5 512
8656 19 2 6 512
8657 19 2 7 512
8658 19 2 8 512
8659 19 2 9 512
8660 19 2 10 512
8661 19 2 11 512
8662 19 2 12 512
8663 19 2 13 512
8664 19 2 14 512
8665 19 2 15 512
8666 19 2 16 512
8667 19 2 17 512
8668 19 2 18 512
8669 19 2 19 512
8670 19 2 20 512
8671 19 2 21 512
8672 19 2 22 512
8673 19 2 23 512
8674 19 2 24 512
8675 19 2 25 512
8676 19 2 26 512
8677 19 2 27 512
8678 19 2 28 512
8679 19 2 29 512
8680 19 2 30 512
8681 19 2 31 512
8682 19 2 32 512
8683 19 2 33 512
8684 19 2 34 559
8685 19 2 35 353
8686 19 2 36 8
8700 19 3 0 448
8701 19 3 1 512
8702 19 3 2 512
8703 19 3 3 512
8704 19 3 4 512
8705 19 3 5 512
8706 19 3 6 512
8707 19 3 7 512
8708 19 3 8 512
8709 19 3 9 512
8710 19 3 10 512
8711 19 3 11 512
8712 19 3 12 512
8713 19 3 13 512
8714 19 3 14 512
8715 19 3 15 512
8716 19 3 16 512
8717 19 3 17 512
8718 19 3 18 512
8719 19 3 19 512
8720 19 3 20 512
8721 19 3 21 512
8722 19 3 22 512
8723 19 3 23 512
8724 19 3 24 512
8725 19 3 25 512
8726 19 3 26 512
8727 19 3 27 512
8728 19 3 28 512
8729 19 3 29 512
8730 19 3 30 512
8731 19 3 31 512
8732 19 3 32 512
8733 19 3 33 512
8734 19 3 34 512
8735 19 3 35 541
8736 19 3 36 115
8750 19 4 0 448
8751 19 4 1 512
8752 19 4 2 512
8753 19 4 3 512
8754 19 4 4 512
8755 19 4 5 512
8756 19 4 6 512
8757 19 4 7 512
8758 19 4 8 512
8759 19 4 9 512
8760 19 4 10 512
8761 19 4 11 512
8762 19 4 12 512
8763 19 4 13 512
8764 19 4 14 512
8765 19 4 15 512
8766 19 4 16 512
8767 19 4 17 512
8768 19 4 18 512
8769 19 4 19 512
8770 19 4 20 512
8771 19 4 21 512
8772 19 4 22 512
8773 19 4 23 512
8774 19 4 24 512
8775 19 4 25 512
8776 19 4 26 512
8777 19 4 27 512
8778 19 4 28 512
8779 19 4 29 512
8780 19 4 30 512
8781 19 4 31 512
8782 19 4 32 512
8783 19 4 33 512
8784 19 4 34 512
8785 19 4 35 544
8786 19 4 36 192
8800 19 5 0 448
8801 19 5 1 512
8802 19 5 2 512
8803 19 5 3 512
8804 19 5 4 512
8805 19 5 5 512
8806 19 5 6 512
8807 19 5 7 512
8808 19 5 8 512
8809 19 5 9 512
8810 19 5 10 512
8811 19 5 11 512
8812 19 5 12 512
8813 19 5 13 512
8814 19 5 14 512
8815 19 5 15 512
8816 19 5 16 512
8817 19 5 17 512
8818 19 5 18 512
8819 19 5 19 512
8820 19 5 20 512
8821 19 5 21 512
8822 19 5 22 512
8823 19 5 23 512
8824 19 5 24 512
8825 19 5 25 512
8826 19 5 26 512
8827 19 5 27 512
8828 19 5 28 512
8829 19 5 29 512
8830 19 5 30 512
8831 19 5 31 512
8832 19 5 32 512
8833 19 5 33 512
8834 19 5 34 512
8835 19 5 35 547
8836 19 5 36 133
8850 19 6 0 448
8851 19 6 1 512
8852 19 6 2 512
8853 19 6 3 512
8854 19 6 4 512
8855 19 6 5 512
8856 19 6 6 512
8857 19 6 7 512
8858 19 6 8 512
8859 19 6 9 512
8860 19 6 10 512
8861 19 6 11 512
8862 19 6 12 512
8863 19 6 13 512
8864 19 6 14 512
8865 19 6 15 512
8866 19 6 16 512
8867 19 6 17 512
8868 19 6 18 512
8869 19 6 19 512
8870 19 6 20 512
8871 19 6 21 512
8872 19 6 22 512
8873 19 6 23 512
8874 19 6 24 512
8875 19 6 25 512
8876 19 6 26 512
8877 19 6 27 512
8878 19 6 28 512
8879 19 6 29 512
8880 19 6 30 512
8881 19 6 31 512
8882 19 6 32 512
8883 19 6 33 512
8884 19 6 34 549
8885 19 6 35 371
8886 19 6 36 8
8900 19 7 0 448
8901 19 7 1 512
8902 19 7 2 512
8903 19 7 3 512
8904 19 7 4 512
8905 19 7 5 512
8906 19 7 6 512
8907 19 7 7 512
8908 19 7 8 512
8909 19 7 9 512
8910 19 7 10 512
8911 19 7 11 512
8912 19 7 12 512
8913 19 7 13 512
8914 19 7 14 512
8915 19 7 15 512
8916 19 7 16 512
8917 19 7 17 512
8918 19 7 18 512
8919 19 7 19 512
8920 19 7 20 512
8921 19 7 21 512
8922 19 7 22 512
8923 19 7 23 512
8924 19 7 24 512
8925 19 7 25 512
8926 19 7 26 512
8927 19 7 27 512
8928 19 7 28 512
8929 19 7 29 512
8930 19 7 30 512
8931 19 7 31 512
8932 19 7 32 518
8933 19 7 33 569
8934 19 7 34 341
8935 19 7 35 20
8950 19 8 0 219
8951 19 8 1 296
8952 19 8 2 296
8953 19 8 3 296
8954 19 8 4 296
8955 19 8 5 296
8956 19 8 6 296
8957 19 8 7 296
8958 19 8 8 296
8959 19 8 9 296
8960 19 8 10 296
8961 19 8 11 296
8962 19 8 12 296
8963 19 8 13 296
8964 19 8 14 296
8965 19 8 15 296
8966 19 8 16 296
8967 19 8 17 296
8968 19 8 18 296
8969 19 8 19 296
8970 19 8 20 296
8971 19 8 21 296
8972 19 8 22 296
8973 19 8 23 296
8974 19 8 24 296
8975 19 8 25 296
8976 19 8 26 296
8977 19 8 27 296
8978 19 8 28 306
8979 19 8 29 382
8980 19 8 30 385
8981 19 8 31 375
8982 19 8 32 275
8983 19 8 33 61
9000 20 0 0 248
9001 20 0 1 320
9002 20 0 2 320
9003 20 0 3 320
9004 20 0 4 320
9005 20 0 5 320
9006 20 0 6 320
9007 20 0 7 320
9008 20 0 8 320
9009 20 0 9 320
9010 20 0 10 320
9011 20 0 11 320
9012 20 0 12 320
9013 20 0 13 320
9014 20 0 14 320
9015 20 0 15 320
9016 20 0 16 320
9017 20 0 17 320
9018 20 0 18 320
9019 20 0 19 320
9020 20 0 20 320
9021 20 0 21 320
9022 20 0 22 320
9023 20 0 23 320
9024 20 0 24 320
9025 20 0 25 320
9026 20 0 26 320
9027 20 0 27 320
9028 20 0 28 320
9029 20 0 29 320
9030 20 0 30 320
9031 20 0 31 236
9032 20 0 32 38
9050 20 1 0 448
9051 20 1 1 512
9052 20 1 2 512
9053 20 1 3 512
9054 20 1 4 512
9055 20 1 5 512
9056 20 1 6 512
9057 20 1 7 512
9058 20 1 8 512
9059 20 1 9 512
9060 20 1 10 512
9061 20 1 11 512
9062 20 1 12 512
9063 20 1 13 512
9064 20 1 14 512
9065 20 1 15 512
9066 20 1 16 512
9067 20 1 17 512
9068 20 1 18 512
9069 20 1 19 512
9070 20 1 20 512
9071 20 1 21 512
9072 20 1 22 512
9073 20 1 23 512
9074 20 1 24 512
9075 20 1 25 512
9076 20 1 26 512
9077 20 1 27 512
9078 20 1 28 512
9079 20 1 29 512
9080 20 1 30 512
9081 20 1 31 516
9082 20 1 32 555
9083 20 1 33 305
9084 20 1 34 8
9100 20 2 0 448
9101 20 2 1 512
9102 20 2 2 512
9103 20 2 3 512
9104 20 2 4 512
9105 20 2 5 512
9106 20 2 6 512
9107 20 2 7 512
9108 20 2 8 512
9109 20 2 9 512
9110 20 2 10 512
9111 20 2 11 512
9112 20 2 12 512
9113 20 2 13 512
9114 20 2 14 512
9115 20 2 15 512
9116 20 2 16 512
9117 20 2 17 512
9118 20 2 18 512
9119 20 2 19 512
9120 20 2 20 512
9121 20 2 21 512
9122 20 2 22 512
9123 20 2 23 512
9124 20 2 24 512
9125 20 2 25 512
9126 20 2 26 512
9127 20 2 27 512
9128 20 2 28 512
9129 20 2 29 512
9130 20 2 30 512
9131 20 2 31 512
9132 20 2 32 512
9133 20 2 33 543
9134 20 2 34 385
9135 20 2 35 8
9150 20 3 0 448
9151 20 3 1 512
9152 20 3 2 512
9153 20 3 3 512
9154 20 3 4 512
9155 20 3 5 512
9156 20 3 6 512
9157 20 3 7 512
9158 20 3 8 512
9159 20 3 9 512
9160 20 3 10 512
9161 20 3 11 512
9162 20 3 12 512
9163 20 3 13 512
9164 20 3 14 512
9165 20 3 15 512
9166 20 3 16 512
9167 20 3 17 512
9168 20 3 18 512
9169 20 3 19 512
9170 20 3 20 512
9171 20 3 21 512
9172 20 3 22 512
9173 20 3 23 512
9174 20 3 24 512
9175 20 3 25 512
9176 20 3 26 512
9177 20 3 27 512
9178 20 3 28 512
9179 20 3 29 512
9180 20 3 30 512
9181 20 3 31 512
9182 20 3 32 512
9183 20 3 33 512
9184 20 3 34 555
9185 20 3 35 117
9200 20 4 0 448
9201 20 4 1 512
9202 20 4 2 512
9203 20 4 3 512
9204 20 4 4 512
9205 20 4 5 512
9206 20 4 6 512
9207 20 4 7 512
9208 20 4 8 512
9209 20 4 9 512
9210 20 4 10 512
9211 20 4 11 512
9212 20 4 12 512
9213 20 4 13 512
9214 20 4 14 512
9215 20 4 15 512
9216 20 4 16 512
9217 20 4 17 512
9218 20 4 18 512
9219 20 4 19 512
9220 20 4 20 512
9221 20 4 21 512
9222 20 4 22 512
9223 20 4 23 512
9224 20 4 24 512
9225 20 4 25 512
9226 20 4 26 512
9227 20 4 27 512
9228 20 4 28 512
9229 20 4 29 512
9230 20 4 30 512
9231 20 4 31 512
9232 20 4 32 512
9233 20 4 33 512
9234 20 4 34 544
9235 20 4 35 208
9250 20 5 0 448
9251 20 5 1 512
9252 20 5 2 512
9253 20 5 3 512
9254 20 5 4 512
9255 20 5 5 512
9256 20 5 6 512
9257 20 5 7 512
9258 20 5 8 512
9259 20 5 9 512
9260 20 5 10 512
9261 20 5 11 512
9262 20 5 12 512
9263 20 5 13 512
9264 20 5 14 512
9265 20 5 15 512
9266 20 5 16 512
9267 20 5 17 512
9268 20 5 18 512
9269 20 5 19 512
9270 20 5 20 512
9271 20 5 21 512
9272 20 5 22 512
9273 20 5 23 512
9274 20 5 24 512
9275 20 5 25 512
9276 20 5 26 512
9277 20 5 27 512
9278 20 5 28 512
9279 20 5 29 512
9280 20 5 30 512
9281 20 5 31 512
9282 20 5 32 512
9283 20 5 33 512
9284 20 5 34 559
9285 20 5 35 137
9300 20 6 0 448
9301 20 6 1 512
9302 20 6 2 512
9303 20 6 3 512
9304 20 6 4 512
9305 20 6 5 512
9306 20 6 6 512
9307 20 6 7 512
9308 20 6 8 512
9309 20 6 9 512
9310 20 6 10 512
9311 20 6 11 512
9312 20 6 12 512
9313 20 6 13 512
9314 20 6 14 512
9315 20 6 15 512
9316 20 6 16 512
9317 20 6 17 512
9318 20 6 18 512
9319 20 6 19 512
9320 20 6 20 512
9321 20 6 21 512
9322 20 6 22 512
9323 20 6 23 512
9324 20 6 24 512
9325 20 6 25 512
9326 20 6 26 512
9327 20 6 27 512
9328 20 6 28 512
9329 20 6 29 512
9330 20 6 30 512
9331 20 6 31 512
9332 20 6 32 512
9333 20 6 33 536
9334 20 6 34 400
9335 20 6 35 8
9350 20 7 0 448
9351 20 7 1 512
9352 20 7 2 512
9353 20 7 3 512
9354 20 7 4 512
9355 20 7 5 512
9356 20 7 6 512
9357 20 7 7 512
9358 20 7 8 512
9359 20 7 9 512
9360 20 7 10 512
9361 20 7 11 512
9362 20 7 12 512
9363 20 7 13 512
9364 20 7 14 512
9365 20 7 15 512
9366 20 7 16 512
9367 20 7 17 512
9368 20 7 18 512
9369 20 7 19 512
9370 20 7 20 512
9371 20 7 21 512
9372 20 7 22 512
9373 20 7 23 512
9374 20 7 24 512
9375 20 7 25 512
9376 20 7 26 512
9377 20 7 27 512
9378 20 7 28 512
9379 20 7 29 512
9380 20 7 30 512
9381 20 7 31 512
9382 20 7 32 570
9383 20 7 33 362
9384 20 7 34 20
9400 20 8 0 307
9401 20 8 1 392
9402 20 8 2 392
9403 20 8 3 392
9404 20 8 4 392
9405 20 8 5 392
9406 20 8 6 392
9407 20 8 7 392
9408 20 8 8 392
9409 20 8 9 392
9410 20 8 10 392
9411 20 8 11 392
9412 20 8 12 392
9413 20 8 13 392
9414 20 8 14 392
9415 20 8 15 392
9416 20 8 16 392
9417 20 8 17 392
9418 20 8 18 392
9419 20 8 19 392
9420 20 8 20 392
9421 20 8 21 392
9422 20 8 22 392
9423 20 8 23 392
9424 20 8 24 392
9425 20 8 25 392
9426 20 8 26 392
9427 20 8 27 392
9428 20 8 28 392
9429 20 8 29 384
9430 20 8 30 378
9431 20 8 31 283
9432 20 8 32 67
9450 21 0 0 237
9451 21 0 1 312
9452 21 0 2 312
9453 21 0 3 312
9454 21 0 4 312
9455 21 0 5 312
9456 21 0 6 312
9457 21 0 7 312
9458 21 0 8 312
9459 21 0 9 312
9460 21 0 10 312
9461 21 0 11 312
9462 21 0 12 312
9463 21 0 13 312
9464 21 0 14 312
9465 21 0 15 312
9466 21 0 16 312
9467 21 0 17 312
9468 21 0 18 312
9469 21 0 19 312
9470 21 0 20 312
9471 21 0 21 312
9472 21 0 22 312
9473 21 0 23 312
9474 21 0 24 312
9475 21 0 25 312
9476 21 0 26 312
9477 21 0 27 312
9478 21 0 28 314
9479 21 0 29 323
9480 21 0 30 324
9481 21 0 31 290
9482 21 0 32 124
9483 21 0 33 2
9500 21 1 0 448
9501 21 1 1 512
9502 21 1 2 512
9503 21 1 3 512
9504 21 1 4 512
9505 21 1 5 512
9506 21 1 6 512
9507 21 1 7 512
9508 21 1 8 512
9509 21 1 9 512
9510 21 1 10 512
9511 21 1 11 512
9512 21 1 12 512
9513 21 1 13 512
9514 21 1 14 512
9515 21 1 15 512
9516 21 1 16 512
9517 21 1 17 512
9518 21 1 18 512
9519 21 1 19 512
9520 21 1 20 512
9521 21 1 21 512
9522 21 1 22 512
9523 21 1 23 512
9524 21 1 24 512
9525 21 1 25 512
9526 21 1 26 512
9527 21 1 27 512
9528 21 1 28 512
9529 21 1 29 512
9530 21 1 30 512
9531 21 1 31 512
9532 21 1 32 556
9533 21 1 33 460
9534 21 1 34 96
9550 21 2 0 448
9551 21 2 1 512
9552 21 2 2 512
9553 21 2 3 512
9554 21 2 4 512
9555 21 2 5 512
9556 21 2 6 512
9557 21 2 7 512
9558 21 2 8 512
9559 21 2 9 512
9560 21 2 10 512
9561 21 2 11 512
9562 21 2 12 512
9563 21 2 13 512
9564 21 2 14 512
9565 21 2 15 512
9566 21 2 16 512
9567 21 2 17 512
9568 21 2 18 512
9569 21 2 19 512
9570 21 2 20 512
9571 21 2 21 512
9572 21 2 22 512
9573 21 2 23 512
9574 21 2 24 512
9575 21 2 25 512
9576 21 2 26 512
9577 21 2 27 512
9578 21 2 28 512
9579 21 2 29 512
9580 21 2 30 512
9581 21 2 31 512
9582 21 2 32 512
9583 21 2 33 519
9584 21 2 34 549
9585 21 2 35 108
9600 21 3 0 448
9601 21 3 1 512
9602 21 3 2 512
9603 21 3 3 512
9604 21 3 4 512
9605 21 3 5 512
9606 21 3 6 512
9607 21 3 7 512
9608 21 3 8 512
9609 21 3 9 512
9610 21 3 10 512
9611 21 3 11 512
9612 21 3 12 512
9613 21 3 13 512
9614 21 3 14 512
9615 21 3 15 512
9616 21 3 16 512
9617 21 3 17 512
9618 21 3 18 512
9619 21 3 19 512
9620 21 3 20 512
9621 21 3 21 512
9622 21 3 22 512
9623 21 3 23 512
9624 21 3 24 512
9625 21 3 25 512
9626 21 3 26 512
9627 21 3 27 512
9628 21 3 28 512
9629 21 3 29 512
9630 21 3 30 512
9631 21 3 31 512
9632 21 3 32 512
9633 21 3 33 512
9634 21 3 34 535
9635 21 3 35 375
9636 21 3 36 2
9650 21 4 0 448
9651 21 4 1 512
9652 21 4 2 512
9653 21 4 3 512
9654 21 4 4 512
9655 21 4 5 512
9656 21 4 6 512
9657 21 4 7 512
9658 21 4 8 512
9659 21 4 9 512
9660 21 4 10 512
9661 21 4 11 512
9662 21 4 12 512
9663 21 4 13 512
9664 21 4 14 512
9665 21 4 15 512
9666 21 4 16 512
9667 21 4 17 512
9668 21 4 18 512
9669 21 4 19 512
9670 21 4 20 512
9671 21 4 21 512
9672 21 4 22 512
9673 21 4 23 512
9674 21 4 24 512
9675 21 4 25 512
9676 21 4 26 512
9677 21 4 27 512
9678 21 4 28 512
9679 21 4 29 512
9680 21 4 30 512
9681 21 4 31 512
9682 21 4 32 512
9683 21 4 33 512
9684 21 4 34 512
9685 21 4 35 464
9686 21 4 36 16
9700 21 5 0 448
9701 21 5 1 512
9702 21 5 2 512
9703 21 5 3 512
9704 21 5 4 512
9705 21 5 5 512
9706 21 5 6 512
9707 21 5 7 512
9708 21 5 8 512
9709 21 5 9 512
9710 21 5 10 512
9711 21 5 11 512
9712 21 5 12 512
9713 21 5 13 512
9714 21 5 14 512
9715 21 5 15 512
9716 21 5 16 512
9717 21 5 17 512
9718 21 5 18 512
9719 21 5 19 512
9720 21 5 20 512
9721 21 5 21 512
9722 21 5 22 512
9723 21 5 23 512
9724 21 5 24 512
9725 21 5 25 512
9726 21 5 26 512
9727 21 5 27 512
9728 21 5 28 512
9729 21 5 29 512
9730 21 5 30 512
9731 21 5 31 512
9732 21 5 32 512
9733 21 5 33 512
9734 21 5 34 531
9735 21 5 35 401
9736 21 5 36 4
9750 21 6 0 448
9751 21 6 1 512
9752 21 6 2 512
9753 21 6 3 512
9754 21 6 4 512
9755 21 6 5 512
9756 21 6 6 512
9757 21 6 7 512
9758 21 6 8 512
9759 21 6 9 512
9760 21 6 10 512
9761 21 6 11 512
9762 21 6 12 512
9763 21 6 13 512
9764 21 6 14 512
9765 21 6 15 512
9766 21 6 16 512
9767 21 6 17 512
9768 21 6 18 512
9769 21 6 19 512
9770 21 6 20 512
9771 21 6 21 512
9772 21 6 22 512
9773 21 6 23 512
9774 21 6 24 512
9775 21 6 25 512
9776 21 6 26 512
9777 21 6 27 512
9778 21 6 28 512
9779 21 6 29 512
9780 21 6 30 512
9781 21 6 31 512
9782 21 6 32 512
9783 21 6 33 516
9784 21 6 34 549
9785 21 6 35 119
9800 21 7 0 448
9801 21 7 1 512
9802 21 7 2 512
9803 21 7 3 512
9804 21 7 4 512
9805 21 7 5 512
9806 21 7 6 512
9807 21 7 7 512
9808 21 7 8 512
9809 21 7 9 512
9810 21 7 10 512
9811 21 7 11 512
9812 21 7 12 512
9813 21 7 13 512
9814 21 7 14 512
9815 21 7 15 512
9816 21 7 16 512
9817 21 7 17 512
9818 21 7 18 512
9819 21 7 19 512
9820 21 7 20 512
9821 21 7 21 512
9822 21 7 22 512
9823 21 7 23 512
9824 21 7 24 512
9825 21 7 25 512
9826 21 7 26 512
9827 21 7 27 512
9828 21 7 28 512
9829 21 7 29 512
9830 21 7 30 512
9831 21 7 31 512
9832 21 7 32 548
9833 21 7 33 509
9834 21 7 34 135
9850 21 8 0 282
9851 21 8 1 368
9852 21 8 2 368
9853 21 8 3 368
9854 21 8 4 368
9855 21 8 5 368
9856 21 8 6 368
9857 21 8 7 368
9858 21 8 8 368
9859 21 8 9 368
9860 21 8 10 368
9861 21 8 11 368
9862 21 8 12 368
9863 21 8 13 368
9864 21 8 14 368
9865 21 8 15 368
9866 21 8 16 368
9867 21 8 17 368
9868 21 8 18 368
9869 21 8 19 368
9870 21 8 20 368
9871 21 8 21 368
9872 21 8 22 368
9873 21 8 23 368
9874 21 8 24 368
9875 21 8 25 368
9876 21 8 26 368
9877 21 8 27 368
9878 21 8 28 369
9879 21 8 29 388
9880 21 8 30 387
9881 21 8 31 336
9882 21 8 32 175
9883 21 8 33 6
9900 22 0 0 84
9901 22 0 1 128
9902 22 0 2 128
9903 22 0 3 128
9904 22 0 4 128
9905 22 0 5 128
9906 22 0 6 128
9907 22 0 7 128
9908 22 0 8 128
9909 22 0 9 128
9910 22 0 10 128
9911 22 0 11 128
9912 22 0 12 128
9913 22 0 13 128
9914 22 0 14 128
9915 22 0 15 128
9916 22 0 16 128
9917 22 0 17 128
9918 22 0 18 128
9919 22 0 19 128
9920 22 0 20 128
9921 22 0 21 128
9922 22 0 22 128
9923 22 0 23 128
9924 22 0 24 128
9925 22 0 25 128
9926 22 0 26 128
9927 22 0 27 128
9928 22 0 28 175
9929 22 0 29 303
9930 22 0 30 323
9931 22 0 31 324
9932 22 0 32 290
9933 22 0 33 124
9934 22 0 34 2
9950 22 1 0 456
9951 22 1 1 544
9952 22 1 2 544
9953 22 1 3 544
9954 22 1 4 544
9955 22 1 5 544
9956 22 1 6 544
9957 22 1 7 544
9958 22 1 8 544
9959 22 1 9 544
9960 22 1 10 544
9961 22 1 11 544
9962 22 1 12 544
9963 22 1 13 544
9964 22 1 14 544
9965 22 1 15 544
9966 22 1 16 544
9967 22 1 17 544
9968 22 1 18 544
9969 22 1 19 544
9970 22 1 20 544
9971 22 1 21 544
9972 22 1 22 544
9973 22 1 23 544
9974 22 1 24 544
9975 22 1 25 544
9976 22 1 26 544
9977 22 1 27 544
9978 22 1 28 537
9979 22 1 29 512
9980 22 1 30 512
9981 22 1 31 512
9982 22 1 32 512
9983 22 1 33 556
9984 22 1 34 460
9985 22 1 35 96
10000 22 2 0 448
10001 22 2 1 512
10002 22 2 2 512
10003 22 2 3 512
10004 22 2 4 512
10005 22 2 5 512
10006 22 2 6 512
10007 22 2 7 512
10008 22 2 8 512
10009 22 2 9 512
10010 22 2 10 512
10011 22 2 11 512
10012 22 2 12 512
10013 22 2 13 512
10014 22 2 14 512
10015 22 2 15 512
10016 22 2 16 512
10017 22 2 17 512
10018 22 2 18 512
10019 22 2 19 512
10020 22 2 20 512
10021 22 2 21 512
10022 22 2 22 512
10023 22 2 23 512
10024 22 2 24 512
10025 22 2 25 512
10026 22 2 26 512
10027 22 2 27 512
10028 22 2 28 512
10029 22 2 29 512
10030 22 2 30 512
10031 22 2 31 512
10032 22 2 32 512
10033 22 2 33 512
10034 22 2 34 519
10035 22 2 35 549
10036 22 2 36 108
10050 22 3 0 448
10051 22 3 1 512
10052 22 3 2 512
10053 22 3 3 512
10054 22 3 4 512
10055 22 3 5 512
10056 22 3 6 512
10057 22 3 7 512
10058 22 3 8 512
10059 22 3 9 512
10060 22 3 10 512
10061 22 3 11 512
10062 22 3 12 512
10063 22 3 13 512
10064 22 3 14 512
10065 22 3 15 512
10066 22 3 16 512
10067 22 3 17 512
10068 22 3 18 512
10069 22 3 19 512
10070 22 3 20 512
10071 22 3 21 512
10072 22 3 22 512
10073 22 3 23 512
10074 22 3 24 512
10075 22 3 25 512
10076 22 3 26 512
10077 22 3 27 512
10078 22 3 28 512
10079 22 3 29 512
10080 22 3 30 512
10081 22 3 31 512
10082 22 3 32 512
10083 22 3 33 512
10084 22 3 34 512
10085 22 3 35 535
10086 22 3 36 375
10087 22 3 37 2
10100 22 4 0 448
10101 22 4 1 512
10102 22 4 2 512
10103 22 4 3 512
10104 22 4 4 512
10105 22 4 5 512
10106 22 4 6 512
10107 22 4 7 512
10108 22 4 8 512
10109 22 4 9 512
10110 22 4 10 512
10111 22 4 11 512
10112 22 4 12 512
10113 22 4 13 512
10114 22 4 14 512
10115 22 4 15 512
10116 22 4 16 512
10117 22 4 17 512
10118 22 4 18 512
10119 22 4 19 512
10120 22 4 20 512
10121 22 4 21 512
10122 22 4 22 512
10123 22 4 23 512
10124 22 4 24 512
10125 22 4 25 512
10126 22 4 26 512
10127 22 4 27 512
10128 22 4 28 512
10129 22 4 29 512
10130 22 4 30 512
10131 22 4 31 512
10132 22 4 32 512
10133 22 4 33 512
10134 22 4 34 512
10135 22 4 35 512
10136 22 4 36 464
10137 22 4 37 16
10150 22 5 0 448
10151 22 5 1 512
10152 22 5 2 512
10153 22 5 3 512
10154 22 5 4 512
10155 22 5 5 512
10156 22 5 6 512
10157 22 5 7 512
10158 22 5 8 512
10159 22 5 9 512
10160 22 5 10 512
10161 22 5 11 512
10162 22 5 12 512
10163 22 5 13 512
10164 22 5 14 512
10165 22 5 15 512
10166 22 5 16 512
10167 22 5 17 512
10168 22 5 18 512
10169 22 5 19 512
10170 22 5 20 512
10171 22 5 21 512
10172 22 5 22 512
10173 22 5 23 512
10174 22 5 24 512
10175 22 5 25 512
10176 22 5 26 512
10177 22 5 27 512
10178 22 5 28 512
10179 22 5 29 512
10180 22 5 30 512
10181 22 5 31 512
10182 22 5 32 512
10183 22 5 33 512
10184 22 5 34 512
10185 22 5 35 531
10186 22 5 36 401
10187 22 5 37 4
10200 22 6 0 448
10201 22 6 1 512
10202 22 6 2 512
10203 22 6 3 512
10204 22 6 4 512
10205 22 6 5 512
10206 22 6 6 512
10207 22 6 7 512
10208 22 6 8 512
10209 22 6 9 512
10210 22 6 10 512
10211 22 6 11 512
10212 22 6 12 512
10213 22 6 13 512
10214 22 6 14 512
10215 22 6 15 512
10216 22 6 16 512
10217 22 6 17 512
10218 22 6 18 512
10219 22 6 19 512
10220 22 6 20 512
10221 22 6 21 512
10222 22 6 22 512
10223 22 6 23 512
10224 22 6 24 512
10225 22 6 25 512
10226 22 6 26 512
10227 22 6 27 512
10228 22 6 28 512
10229 22 6 29 512
10230 22 6 30 512
10231 22 6 31 512
10232 22 6 32 512
10233 22 6 33 512
10234 22 6 34 516
10235 22 6 35 549
10236 22 6 36 119
10250 22 7 0 457
10251 22 7 1 536
10252 22 7 2 536
10253 22 7 3 536
10254 22 7 4 536
10255 22 7 5 536
10256 22 7 6 536
10257 22 7 7 536
10258 22 7 8 536
10259 22 7 9 536
10260 22 7 10 536
10261 22 7 11 536
10262 22 7 12 536
10263 22 7 13 536
10264 22 7 14 536
10265 22 7 15 536
10266 22 7 16 536
10267 22 7 17 536
10268 22 7 18 536
10269 22 7 19 536
10270 22 7 20 536
10271 22 7 21 536
10272 22 7 22 536
10273 22 7 23 536
10274 22 7 24 536
10275 22 7 25 536
10276 22 7 26 536
10277 22 7 27 536
10278 22 7 28 524
10279 22 7 29 512
10280 22 7 30 512
10281 22 7 31 512
10282 22 7 32 512
10283 22 7 33 548
10284 22 7 34 509
10285 22 7 35 135
10300 22 8 0 132
10301 22 8 1 192
10302 22 8 2 192
10303 22 8 3 192
10304 22 8 4 192
10305 22 8 5 192
10306 22 8 6 192
10307 22 8 7 192
10308 22 8 8 192
10309 22 8 9 192
10310 22 8 10 192
10311 22 8 11 192
10312 22 8 12 192
10313 22 8 13 192
10314 22 8 14 192
10315 22 8 15 192
10316 22 8 16 192
10317 22 8 17 192
10318 22 8 18 192
10319 22 8 19 192
10320 22 8 20 192
10321 22 8 21 192
10322 22 8 22 192
10323 22 8 23 192
10324 22 8 24 192
10325 22 8 25 192
10326 22 8 26 192
10327 22 8 27 192
10328 22 8 28 229
10329 22 8 29 346
10330 22 8 30 388
10331 22 8 31 387
10332 22 8 32 336
10333 22 8 33 175
10334 22 8 34 6
10378 23 0 28 6
10379 23 0 29 156
10380 23 0 30 303
10381 23 0 31 323
10382 23 0 32 324
10383 23 0 33 290
10384 23 0 34 124
10385 23 0 35 2
10400 23 1 0 242
10401 23 1 1 336
10402 23 1 2 336
10403 23 1 3 336
10404 23 1 4 336
10405 23 1 5 336
10406 23 1 6 336
10407 23 1 7 336
10408 23 1 8 336
10409 23 1 9 336
10410 23 1 10 336
10411 23 1 11 336
10412 23 1 12 336
10413 23 1 13 336
10414 23 1 14 336
10415 23 1 15 336
10416 23 1 16 336
10417 23 1 17 336
10418 23 1 18 336
10419 23 1 19 336
10420 23 1 20 336
10421 23 1 21 336
10422 23 1 22 336
10423 23 1 23 336
10424 23 1 24 336
10425 23 1 25 336
10426 23 1 26 336
10427 23 1 27 340
10428 23 1 28 514
10429 23 1 29 547
10430 23 1 30 512
10431 23 1 31 512
10432 23 1 32 512
10433 23 1 33 512
10434 23 1 34 556
10435 23 1 35 460
10436 23 1 36 96
10450 23 2 0 457
10451 23 2 1 536
10452 23 2 2 536
10453 23 2 3 536
10454 23 2 4 536
10455 23 2 5 536
10456 23 2 6 536
10457 23 2 7 536
10458 23 2 8 536
10459 23 2 9 536
10460 23 2 10 536
10461 23 2 11 536
10462 23 2 12 536
10463 23 2 13 536
10464 23 2 14 536
10465 23 2 15 536
10466 23 2 16 536
10467 23 2 17 536
10468 23 2 18 536
10469 23 2 19 536
10470 23 2 20 536
10471 23 2 21 536
10472 23 2 22 536
10473 23 2 23 536
10474 23 2 24 536
10475 23 2 25 536
10476 23 2 26 536
10477 23 2 27 536
10478 23 2 28 513
10479 23 2 29 512
10480 23 2 30 512
10481 23 2 31 512
10482 23 2 32 512
10483 23 2 33 512
10484 23 2 34 512
10485 23 2 35 519
10486 23 2 36 549
10487 23 2 37 108
10500 23 3 0 448
10501 23 3 1 512
10502 23 3 2 512
10503 23 3 3 512
10504 23 3 4 512
10505 23 3 5 512
10506 23 3 6 512
10507 23 3 7 512
10508 23 3 8 512
10509 23 3 9 512
10510 23 3 10 512
10511 23 3 11 512
10512 23 3 12 512
10513 23 3 13 512
10514 23 3 14 512
10515 23 3 15 512
10516 23 3 16 512
10517 23 3 17 512
10518 23 3 18 512
10519 23 3 19 512
10520 23 3 20 512
10521 23 3 21 512
10522 23 3 22 512
10523 23 3 23 512
10524 23 3 24 512
10525 23 3 25 512
10526 23 3 26 512
10527 23 3 27 512
10528 23 3 28 512
10529 23 3 29 512
10530 23 3 30 512
10531 23 3 31 512
10532 23 3 32 512
10533 23 3 33 512
10534 23 3 34 512
10535 23 3 35 512
10536 23 3 36 535
10537 23 3 37 375
10538 23 3 38 2
10550 23 4 0 448
10551 23 4 1 512
10552 23 4 2 512
10553 23 4 3 512
10554 23 4 4 512
10555 23 4 5 512
10556 23 4 6 512
10557 23 4 7 512
10558 23 4 8 512
10559 23 4 9 512
10560 23 4 10 512
10561 23 4 11 512
10562 23 4 12 512
10563 23 4 13 512
10564 23 4 14 512
10565 23 4 15 512
10566 23 4 16 512
10567 23 4 17 512
10568 23 4 18 512
10569 23 4 19 512
10570 23 4 20 512
10571 23 4 21 512
10572 23 4 22 512
10573 23 4 23 512
10574 23 4 24 512
10575 23 4 25 512
10576 23 4 26 512
10577 23 4 27 512
10578 23 4 28 512
10579 23 4 29 512
10580 23 4 30 512
10581 23 4 31 512
10582 23 4 32 512
10583 23 4 33 512
10584 23 4 34 512
10585 23 4 35 512
10586 23 4 36 512
10587 23 4 37 464
10588 23 4 38 16
10600 23 5 0 448
10601 23 5 1 512
10602 23 5 2 512
10603 23 5 3 512
10604 23 5 4 512
10605 23 5 5 512
10606 23 5 6 512
10607 23 5 7 512
10608 23 5 8 512
10609 23 5 9 512
10610 23 5 10 512
10611 23 5 11 512
10612 23 5 12 512
10613 23 5 13 512
10614 23 5 14 512
10615 23 5 15 512
10616 23 5 16 512
10617 23 5 17 512
10618 23 5 18 512
10619 23 5 19 512
10620 23 5 20 512
10621 23 5 21 512
10622 23 5 22 512
10623 23 5 23 512
10624 23 5 24 512
10625 23 5 25 512
10626 23 5 26 512
10627 23 5 27 512
10628 23 5 28 512
10629 23 5 29 512
10630 23 5 30 512
10631 23 5 31 512
10632 23 5 32 512
10633 23 5 33 512
10634 23 5 34 512
10635 23 5 35 512
10636 23 5 36 531
10637 23 5 37 401
10638 23 5 38 4
10650 23 6 0 451
10651 23 6 1 520
10652 23 6 2 520
10653 23 6 3 520
10654 23 6 4 520
10655 23 6 5 520
10656 23 6 6 520
10657 23 6 7 520
10658 23 6 8 520
10659 23 6 9 520
10660 23 6 10 520
10661 23 6 11 520
10662 23 6 12 520
10663 23 6 13 520
10664 23 6 14 520
10665 23 6 15 520
10666 23 6 16 520
10667 23 6 17 520
10668 23 6 18 520
10669 23 6 19 520
10670 23 6 20 520
10671 23 6 21 520
10672 23 6 22 520
10673 23 6 23 520
10674 23 6 24 520
10675 23 6 25 520
10676 23 6 26 520
10677 23 6 27 520
10678 23 6 28 512
10679 23 6 29 512
10680 23 6 30 512
10681 23 6 31 512
10682 23 6 32 512
10683 23 6 33 512
10684 23 6 34 512
10685 23 6 35 516
10686 23 6 36 549
10687 23 6 37 119
10700 23 7 0 287
10701 23 7 1 392
10702 23 7 2 392
10703 23 7 3 392
10704 23 7 4 392
10705 23 7 5 392
10706 23 7 6 392
10707 23 7 7 392
10708 23 7 8 392
10709 23 7 9 392
10710 23 7 10 392
10711 23 7 11 392
10712 23 7 12 392
10713 23 7 13 392
10714 23 7 14 392
10715 23 7 15 392
10716 23 7 16 392
10717 23 7 17 392
10718 23 7 18 392
10719 23 7 19 392
10720 23 7 20 392
10721 23 7 21 392
10722 23 7 22 392
10723 23 7 23 392
10724 23 7 24 392
10725 23 7 25 392
10726 23 7 26 392
10727 23 7 27 392
10728 23 7 28 536
10729 23 7 29 532
10730 23 7 30 512
10731 23 7 31 512
10732 23 7 32 512
10733 23 7 33 512
10734 23 7 34 548
10735 23 7 35 509
10736 23 7 36 135
10778 23 8 28 22
10779 23 8 29 212
10780 23 8 30 346
10781 23 8 31 388
10782 23 8 32 387
10783 23 8 33 336
10784 23 8 34 175
10785 23 8 35 6
10829 24 0 29 6
10830 24 0 30 156
10831 24 0 31 303
10832 24 0 32 323
10833 24 0 33 324
10834 24 0 34 290
10835 24 0 35 124
10836 24 0 36 2
10878 24 1 28 162
10879 24 1 29 515
10880 24 1 30 547
10881 24 1 31 512
10882 24 1 32 512
10883 24 1 33 512
10884 24 1 34 512
10885 24 1 35 556
10886 24 1 36 460
10887 24 1 37 96
10900 24 2 0 163
10901 24 2 1 232
10902 24 2 2 232
10903 24 2 3 232
10904 24 2 4 232
10905 24 2 5 232
10906 24 2 6 232
10907 24 2 7 232
10908 24 2 8 232
10909 24 2 9 232
10910 24 2 10 232
10911 24 2 11 232
10912 24 2 12 232
10913 24 2 13 232
10914 24 2 14 232
10915 24 2 15 232
10916 24 2 16 232
10917 24 2 17 232
10918 24 2 18 232
10919 24 2 19 232
10920 24 2 20 232
10921 24 2 21 232
10922 24 2 22 232
10923 24 2 23 232
10924 24 2 24 232
10925 24 2 25 232
10926 24 2 26 232
10927 24 2 27 270
10928 24 2 28 563
10929 24 2 29 513
10930 24 2 30 512
10931 24 2 31 512
10932 24 2 32 512
10933 24 2 33 512
10934 24 2 34 512
10935 24 2 35 512
10936 24 2 36 519
10937 24 2 37 549
10938 24 2 38 108
10950 24 3 0 338
10951 24 3 1 432
10952 24 3 2 432
10953 24 3 3 432
10954 24 3 4 432
10955 24 3 5 432
10956 24 3 6 432
10957 24 3 7 432
10958 24 3 8 432
10959 24 3 9 432
10960 24 3 10 432
10961 24 3 11 432
10962 24 3 12 432
10963 24 3 13 432
10964 24 3 14 432
10965 24 3 15 432
10966 24 3 16 432
10967 24 3 17 432
10968 24 3 18 432
10969 24 3 19 432
10970 24 3 20 432
10971 24 3 21 432
10972 24 3 22 432
10973 24 3 23 432
10974 24 3 24 432
10975 24 3 25 432
10976 24 3 26 432
10977 24 3 27 501
10978 24 3 28 520
10979 24 3 29 512
10980 24 3 30 512
10981 24 3 31 512
10982 24 3 32 512
10983 24 3 33 512
10984 24 3 34 512
10985 24 3 35 512
10986 24 3 36 512
10987 24 3 37 535
10988 24 3 38 375
10989 24 3 39 2
11000 24 4 0 415
11001 24 4 1 520
11002 24 4 2 520
11003 24 4 3 520
11004 24 4 4 520
11005 24 4 5 520
11006 24 4 6 520
11007 24 4 7 520
11008 24 4 8 520
11009 24 4 9 520
11010 24 4 10 520
11011 24 4 11 520
11012 24 4 12 520
11013 24 4 13 520
11014 24 4 14 520
11015 24 4 15 520
11016 24 4 16 520
11017 24 4 17 520
11018 24 4 18 520
11019 24 4 19 520
11020 24 4 20 520
11021 24 4 21 520
11022 24 4 22 520
11023 24 4 23 520
11024 24 4 24 520
11025 24 4 25 520
11026 24 4 26 520
11027 24 4 27 547
11028 24 4 28 512
11029 24 4 29 512
11030 24 4 30 512
11031 24 4 31 512
11032 24 4 32 512
11033 24 4 33 512
11034 24 4 34 512
11035 24 4 35 512
11036 24 4 36 512
11037 24 4 37 512
11038 24 4 38 464
11039 24 4 39 16
11050 24 5 0 345
11051 24 5 1 440
11052 24 5 2 440
11053 24 5 3 440
11054 24 5 4 440
11055 24 5 5 440
11056 24 5 6 440
11057 24 5 7 440
11058 24 5 8 440
11059 24 5 9 440
11060 24 5 10 440
11061 24 5 11 440
11062 24 5 12 440
11063 24 5 13 440
11064 24 5 14 440
11065 24 5 15 440
11066 24 5 16 440
11067 24 5 17 440
11068 24 5 18 440
11069 24 5 19 440
11070 24 5 20 440
11071 24 5 21 440
11072 24 5 22 440
11073 24 5 23 440
11074 24 5 24 440
11075 24 5 25 440
11076 24 5 26 440
11077 24 5 27 511
11078 24 5 28 517
11079 24 5 29 512
11080 24 5 30 512
11081 24 5 31 512
11082 24 5 32 512
11083 24 5 33 512
11084 24 5 34 512
11085 24 5 35 512
11086 24 5 36 512
11087 24 5 37 531
11088 24 5 38 401
11089 24 5 39 4
11100 24 6 0 173
11101 24 6 1 248
11102 24 6 2 248
11103 24 6 3 248
11104 24 6 4 248
11105 24 6 5 248
11106 24 6 6 248
11107 24 6 7 248
11108 24 6 8 248
11109 24 6 9 248
11110 24 6 10 248
11111 24 6 11 248
11112 24 6 12 248
11113 24 6 13 248
11114 24 6 14 248
11115 24 6 15 248
11116 24 6 16 248
11117 24 6 17 248
11118 24 6 18 248
11119 24 6 19 248
11120 24 6 20 248
11121 24 6 21 248
11122 24 6 22 248
11123 24 6 23 248
11124 24 6 24 248
11125 24 6 25 248
11126 24 6 26 248
11127 24 6 27 300
11128 24 6 28 564
11129 24 6 29 512
11130 24 6 30 512
11131 24 6 31 512
11132 24 6 32 512
11133 24 6 33 512
11134 24 6 34 512
11135 24 6 35 512
11136 24 6 36 516
11137 24 6 37 549
11138 24 6 38 119
11177 24 7 27 2
11178 24 7 28 200
11179 24 7 29 538
11180 24 7 30 532
11181 24 7 31 512
11182 24 7 32 512
11183 24 7 33 512
11184 24 7 34 512
11185 24 7 35 548
11186 24 7 36 509
11187 24 7 37 135
11229 24 8 29 22
11230 24 8 30 212
11231 24 8 31 346
11232 24 8 32 388
11233 24 8 33 387
11234 24 8 34 336
11235 24 8 35 175
11236 24 8 36 6
11280 25 0 30 6
11281 25 0 31 156
11282 25 0 32 303
11283 25 0 33 323
11284 25 0 34 324
11285 25 0 35 290
11286 25 0 36 124
11287 25 0 37 2
11329 25 1 29 162
11330 25 1 30 515
11331 25 1 31 547
11332 25 1 32 512
11333 25 1 33 512
11334 25 1 34 512
11335 25 1 35 512
11336 25 1 36 556
11337 25 1 37 460
11338 25 1 38 96
11378 25 2 28 172
11379 25 2 29 563
11380 25 2 30 513
11381 25 2 31 512
11382 25 2 32 512
11383 25 2 33 512
11384 25 2 34 512
11385 25 2 35 512
11386 25 2 36 512
11387 25 2 37 519
11388 25 2 38 549
11389 25 2 39 108
11427 25 3 27 22
11428 25 3 28 466
11429 25 3 29 520
11430 25 3 30 512
11431 25 3 31 512
11432 25 3 32 512
11433 25 3 33 512
11434 25 3 34 512
11435 25 3 35 512
11436 25 3 36 512
11437 25 3 37 512
11438 25 3 38 535
11439 25 3 39 375
11440 25 3 40 2
11477 25 4 27 60
11478 25 4 28 516
11479 25 4 29 512
11480 25 4 30 512
11481 25 4 31 512
11482 25 4 32 512
11483 25 4 33 512
11484 25 4 34 512
11485 25 4 35 512
11486 25 4 36 512
11487 25 4 37 512
11488 25 4 38 512
11489 25 4 39 464
11490 25 4 40 16
11527 25 5 27 24
11528 25 5 28 483
11529 25 5 29 517
11530 25 5 30 512
11531 25 5 31 512
11532 25 5 32 512
11533 25 5 33 512
11534 25 5 34 512
11535 25 5 35 512
11536 25 5 36 512
11537 25 5 37 512
11538 25 5 38 531
11539 25 5 39 401
11540 25 5 40 4
11578 25 6 28 204
11579 25 6 29 564
11580 25 6 30 512
11581 25 6 31 512
11582 25 6 32 512
11583 25 6 33 512
11584 25 6 34 512
11585 25 6 35 512
11586 25 6 36 512
11587 25 6 37 516
11588 25 6 38 549
11589 25 6 39 119
11628 25 7 28 2
11629 25 7 29 200
11630 25 7 30 538
11631 25 7 31 532
11632 25 7 32 512
11633 25 7 33 512
11634 25 7 34 512
11635 25 7 35 512
11636 25 7 36 548
11637 25 7 37 509
11638 25 7 38 135
11680 25 8 30 22
11681 25 8 31 212
11682 25 8 32 346
11683 25 8 33 388
11684 25 8 34 387
11685 25 8 35 336
11686 25 8 36 175
11687 25 8 37 6
11731 26 0 31 6
11732 26 0 32 156
11733 26 0 33 303
11734 26 0 34 323
11735 26 0 35 324
11736 26 0 36 290
11737 26 0 37 124
11738 26 0 38 2
11780 26 1 30 162
11781 26 1 31 515
11782 26 1 32 547
11783 26 1 33 512
11784 26 1 34 512
11785 26 1 35 512
11786 26 1 36 512
11787 26 1 37 556
11788 26 1 38 460
11789 26 1 39 96
11829 26 2 29 172
11830 26 2 30 563
11831 26 2 31 513
11832 26 2 32 512
11833 26 2 33 512
11834 26 2 34 512
11835 26 2 35 512
11836 26 2 36 512
11837 26 2 37 512
11838 26 2 38 519
11839 26 2 39 549
11840 26 2 40 108
11878 26 3 28 22
11879 26 3 29 466
11880 26 3 30 520
11881 26 3 31 512
11882 26 3 32 512
11883 26 3 33 512
11884 26 3 34 512
11885 26 3 35 512
11886 26 3 36 512
11887 26 3 37 512
11888 26 3 38 512
11889 26 3 39 535
11890 26 3 40 375
11891 26 3 41 2
11928 26 4 28 60
11929 26 4 29 516
11930 26 4 30 512
11931 26 4 31 512
11932 26 4 32 512
11933 26 4 33 512
11934 26 4 34 512
11935 26 4 35 512
11936 26 4 36 512
11937 26 4 37 512
11938 26 4 38 512
11939 26 4 39 512
11940 26 4 40 464
11941 26 4 41 16
11978 26 5 28 24
11979 26 5 29 483
11980 26 5 30 517
11981 26 5 31 512
11982 26 5 32 512
11983 26 5 33 512
11984 26 5 34 512
11985 26 5 35 512
11986 26 5 36 512
11987 26 5 37 512
11988 26 5 38 512
11989 26 5 39 531
11990 26 5 40 401
11991 26 5 41 4
12029 26 6 29 204
12030 26 6 30 564
12031 26 6 31 512
12032 26 6 32 512
12033 26 6 33 512
12034 26 6 34 512
12035 26 6 35 512
12036 26 6 36 512
12037 26 6 37 512
12038 26 6 38 516
12039 26 6 39 549
12040 26 6 40 119
12079 26 7 29 2
12080 26 7 30 200
12081 26 7 31 538
12082 26 7 32 532
12083 26 7 33 512
12084 26 7 34 512
12085 26 7 35 512
12086 26 7 36 512
12087 26 7 37 548
12088 26 7 38 509
12089 26 7 39 135
12131 26 8 31 22
12132 26 8 32 212
12133 26 8 33 346
12134 26 8 34 388
12135 26 8 35 387
12136 26 8 36 336
12137 26 8 37 175
12138 26 8 38 6
12182 27 0 32 6
12183 27 0 33 156
12184 27 0 34 303
12185 27 0 35 323
12186 27 0 36 324
12187 27 0 37 290
12188 27 0 38 124
12189 27 0 39 2
12231 27 1 31 162
12232 27 1 32 515
12233 27 1 33 547
12234 27 1 34 512
12235 27 1 35 512
12236 27 1 36 512
12237 27 1 37 512
12238 27 1 38 556
12239 27 1 39 460
12240 27 1 40 96
12280 27 2 30 172
12281 27 2 31 563
12282 27 2 32 513
12283 27 2 33 512
12284 27 2 34 512
12285 27 2 35 512
12286 27 2 36 512
12287 27 2 37 512
12288 27 2 38 512
12289 27 2 39 519
12290 27 2 40 549
12291 27 2 41 108
12329 27 3 29 22
12330 27 3 30 466
12331 27 3 31 520
12332 27 3 32 512
12333 27 3 33 512
12334 27 3 34 512
12335 27 3 35 512
12336 27 3 36 512
12337 27 3 37 512
12338 27 3 38 512
12339 27 3 39 512
12340 27 3 40 535
12341 27 3 41 375
12342 27 3 42 2
12379 27 4 29 60
12380 27 4 30 516
12381 27 4 31 512
12382 27 4 32 512
12383 27 4 33 512
12384 27 4 34 512
12385 27 4 35 512
12386 27 4 36 512
12387 27 4 37 512
12388 27 4 38 512
12389 27 4 39 512
12390 27 4 40 512
12391 27 4 41 464
12392 27 4 42 16
12429 27 5 29 24
12430 27 5 30 483
12431 27 5 31 517
12432 27 5 32 512
12433 27 5 33 512
12434 27 5 34 512
12435 27 5 35 512
12436 27 5 36 512
12437 27 5 37 512
12438 27 5 38 512
12439 27 5 39 512
12440 27 5 40 531
12441 27 5 41 401
12442 27 5 42 4
12480 27 6 30 204
12481 27 6 31 564
12482 27 6 32 512
12483 27 6 33 512
12484 27 6 34 512
12485 27 6 35 512
12486 27 6 36 512
12487 27 6 37 512
12488 27 6 38 512
12489 27 6 39 516
12490 27 6 40 549
12491 27 6 41 119
12530 27 7 30 2
12531 27 7 31 200
12532 27 7 32 538
12533 27 7 33 532
12534 27 7 34 512
12535 27 7 35 512
12536 27 7 36 512
12537 27 7 37 512
12538 27 7 38 548
12539 27 7 39 509
12540 27 7 40 135
12582 27 8 32 22
12583 27 8 33 212
12584 27 8 34 346
12585 27 8 35 388
12586 27 8 36 387
12587 27 8 37 336
12588 27 8 38 175
12589 27 8 39 6
12633 28 0 33 6
12634 28 0 34 156
12635 28 0 35 303
12636 28 0 36 323
12637 28 0 37 324
12638 28 0 38 290
12639 28 0 39 124
12640 28 0 40 2
12682 28 1 32 162
12683 28 1 33 515
12684 28 1 34 547
12685 28 1 35 512
12686 28 1 36 512
12687 28 1 37 512
12688 28 1 38 512
12689 28 1 39 556
12690 28 1 40 460
12691 28 1 41 96
12731 28 2 31 172
12732 28 2 32 563
12733 28 2 33 513
12734 28 2 34 512
12735 28 2 35 512
12736 28 2 36 512
12737 28 2 37 512
12738 28 2 38 512
12739 28 2 39 512
12740 28 2 40 519
12741 28 2 41 549
12742 28 2 42 108
12780 28 3 30 22
12781 28 3 31 466
12782 28 3 32 520
12783 28 3 33 512
12784 28 3 34 512
12785 28 3 35 512
12786 28 3 36 512
12787 28 3 37 512
12788 28 3 38 512
12789 28 3 39 512
12790 28 3 40 512
12791 28 3 41 535
12792 28 3 42 375
12793 28 3 43 2
12830 28 4 30 60
12831 28 4 31 516
12832 28 4 32 512
12833 28 4 33 512
12834 28 4 34 512
12835 28 4 35 512
12836 28 4 36 512
12837 28 4 37 512
12838 28 4 38 512
12839 28 4 39 512
12840 28 4 40 512
12841 28 4 41 512
12842 28 4 42 464
12843 28 4 43 16
12880 28 5 30 24
12881 28 5 31 483
12882 28 5 32 517
12883 28 5 33 512
12884 28 5 34 512
12885 28 5 35 512
12886 28 5 36 512
12887 28 5 37 512
12888 28 5 38 512
12889 28 5 39 512
12890 28 5 40 512
12891 28 5 41 531
12892 28 5 42 401
12893 28 5 43 4
12931 28 6 31 204
12932 28 6 32 564
12933 28 6 33 512
12934 28 6 34 512
12935 28 6 35 512
12936 28 6 36 512
12937 28 6 37 512
12938 28 6 38 512
12939 28 6 39 512
12940 28 6 40 516
12941 28 6 41 549
12942 28 6 42 119
12981 28 7 31 2
12982 28 7 32 200
12983 28 7 33 538
12984 28 7 34 532
12985 28 7 35 512
12986 28 7 36 512
12987 28 7 37 512
12988 28 7 38 512
12989 28 7 39 548
12990 28 7 40 509
12991 28 7 41 135
13033 28 8 33 22
13034 28 8 34 212
13035 28 8 35 346
13036 28 8 36 388
13037 28 8 37 387
13038 28 8 38 336
13039 28 8 39 175
13040 28 8 40 6
13084 29 0 34 6
13085 29 0 35 156
13086 29 0 36 303
13087 29 0 37 323
13088 29 0 38 324
13089 29 0 39 290
13090 29 0 40 124
13091 29 0 41 2
13133 29 1 33 162
13134 29 1 34 515
13135 29 1 35 547
13136 29 1 36 512
13137 29 1 37 512
13138 29 1 38 512
13139 29 1 39 512
13140 29 1 40 556
13141 29 1 41 460
13142 29 1 42 96
13182 29 2 32 172
13183 29 2 33 563
13184 29 2 34 513
13185 29 2 35 512
13186 29 2 36 512
13187 29 2 37 512
13188 29 2 38 512
13189 29 2 39 512
13190 29 2 40 512
13191 29 2 41 519
13192 29 2 42 549
13193 29 2 43 108
13231 29 3 31 22
13232 29 3 32 466
13233 29 3 33 520
13234 29 3 34 512
13235 29 3 35 512
13236 29 3 36 512
13237 29 3 37 512
13238 29 3 38 512
13239 29 3 39 512
13240 29 3 40 512
13241 29 3 41 512
13242 29 3 42 535
13243 29 3 43 375
13244 29 3 44 2
13281 29 4 31 60
13282 29 4 32 516
13283 29 4 33 512
13284 29 4 34 512
13285 29 4 35 512
13286 29 4 36 512
13287 29 4 37 512
13288 29 4 38 512
13289 29 4 39 512
13290 29 4 40 512
13291 29 4 41 512
13292 29 4 42 512
13293 29 4 43 464
13294 29 4 44 16
13331 29 5 31 24
13332 29 5 32 483
13333 29 5 33 517
13334 29 5 34 512
13335 29 5 35 512
13336 29 5 36 512
13337 29 5 37 512
13338 29 5 38 512
13339 29 5 39 512
13340 29 5 40 512
13341 29 5 41 512
13342 29 5 42 531
13343 29 5 43 401
13344 29 5 44 4
13382 29 6 32 204
13383 29 6 33 564
13384 29 6 34 512
13385 29 6 35 512
13386 29 6 36 512
13387 29 6 37 512
13388 29 6 38 512
13389 29 6 39 512
13390 29 6 40 512
13391 29 6 41 516
13392 29 6 42 549
13393 29 6 43 119
13432 29 7 32 2
13433 29 7 33 200
13434 29 7 34 538
13435 29 7 35 532
13436 29 7 36 512
13437 29 7 37 512
13438 29 7 38 512
13439 29 7 39 512
13440 29 7 40 548
13441 29 7 41 509
13442 29 7 42 135
13484 29 8 34 22
13485 29 8 35 212
13486 29 8 36 346
13487 29 8 37 388
13488 29 8 38 387
13489 29 8 39 336
13490 29 8 40 175
13491 29 8 41 6
13535 30 0 35 6
13536 30 0 36 156
13537 30 0 37 303
13538 30 0 38 323
13539 30 0 39 324
13540 30 0 40 290
13541 30 0 41 124
13542 30 0 42 2
13584 30 1 34 162
13585 30 1 35 515
13586 30 1 36 547
13587 30 1 37 512
13588 30 1 38 512
13589 30 1 39 512
13590 30 1 40 512
13591 30 1 41 556
13592 30 1 42 460
13593 30 1 43 96
13633 30 2 33 172
13634 30 2 34 563
13635 30 2 35 513
13636 30 2 36 512
13637 30 2 37 512
13638 30 2 38 512
13639 30 2 39 512
13640 30 2 40 512
13641 30 2 41 512
13642 30 2 42 519
13643 30 2 43 549
13644 30 2 44 108
13682 30 3 32 22
13683 30 3 33 466
13684 30 3 34 520
13685 30 3 35 512
13686 30 3 36 512
13687 30 3 37 512
13688 30 3 38 512
13689 30 3 39 512
13690 30 3 40 512
13691 30 3 41 512
13692 30 3 42 512
13693 30 3 43 535
13694 30 3 44 375
13695 30 3 45 2
13732 30 4 32 60
13733 30 4 33 516
13734 30 4 34 512
13735 30 4 35 512
13736 30 4 36 512
13737 30 4 37 512
13738 30 4 38 512
13739 30 4 39 512
13740 30 4 40 512
13741 30 4 41 512
13742 30 4 42 512
13743 30 4 43 512
13744 30 4 44 464
13745 30 4 45 16
13782 30 5 32 24
13783 30 5 33 483
13784 30 5 34 517
13785 30 5 35 512
13786 30 5 36 512
13787 30 5 37 512
13788 30 5 38 512
13789 30 5 39 512
13790 30 5 40 512
13791 30 5 41 512
13792 30 5 42 512
13793 30 5 43 531
13794 30 5 44 401
13795 30 5 45 4
13833 30 6 33 204
13834 30 6 34 564
13835 30 6 35 512
13836 30 6 36 512
13837 30 6 37 512
13838 30 6 38 512
13839 30 6 39 512
13840 30 6 40 512
13841 30 6 41 512
13842 30 6 42 516
13843 30 6 43 549
13844 30 6 44 119
13883 30 7 33 2
13884 30 7 34 200
13885 30 7 35 538
13886 30 7 36 532
13887 30 7 37 512
13888 30 7 38 512
13889 30 7 39 512
13890 30 7 40 512
13891 30 7 41 548
13892 30 7 42 509
13893 30 7 43 135
13935 30 8 35 22
13936 30 8 36 212
13937 30 8 37 346
13938 30 8 38 388
13939 30 8 39 387
13940 30 8 40 336
13941 30 8 41 175
13942 30 8 42 6
13986 31 0 36 6
13987 31 0 37 156
13988 31 0 38 303
13989 31 0 39 323
13990 31 0 40 324
13991 31 0 41 290
13992 31 0 42 124
13993 31 0 43 2
14035 31 1 35 162
14036 31 1 36 515
14037 31 1 37 547
14038 31 1 38 512
14039 31 1 39 512
14040 31 1 40 512
14041 31 1 41 512
14042 31 1 42 556
14043 31 1 43 460
14044 31 1 44 96
14084 31 2 34 172
14085 31 2 35 563
14086 31 2 36 513
14087 31 2 37 512
14088 31 2 38 512
14089 31 2 39 512
14090 31 2 40 512
14091 31 2 41 512
14092 31 2 42 512
14093 31 2 43 519
14094 31 2 44 549
14095 31 2 45 108
14133 31 3 33 22
14134 31 3 34 466
14135 31 3 35 520
14136 31 3 36 512
14137 31 3 37 512
14138 31 3 38 512
14139 31 3 39 512
14140 31 3 40 512
14141 31 3 41 512
14142 31 3 42 512
14143 31 3 43 512
14144 31 3 44 535
14145 31 3 45 375
14146 31 3 46 2
14183 31 4 33 60
14184 31 4 34 516
14185 31 4 35 512
14186 31 4 36 512
14187 31 4 37 512
14188 31 4 38 512
14189 31 4 39 512
14190 31 4 40 512
14191 31 4 41 512
14192 31 4 42 512
14193 31 4 43 512
14194 31 4 44 512
14195 31 4 45 464
14196 31 4 46 16
14233 31 5 33 24
14234 31 5 34 483
14235 31 5 35 517
14236 31 5 36 512
14237 31 5 37 512
14238 31 5 38 512
14239 31 5 39 512
14240 31 5 40 512
14241 31 5 41 512
14242 31 5 42 512
14243 31 5 43 512
14244 31 5 44 531
14245 31 5 45 401
14246 31 5 46 4
14284 31 6 34 204
14285 31 6 35 564
14286 31 6 36 512
14287 31 6 37 512
14288 31 6 38 512
14289 31 6 39 512
14290 31 6 40 512
14291 31 6 41 512
14292 31 6 42 512
14293 31 6 43 516
14294 31 6 44 549
14295 31 6 45 119
14334 31 7 34 2
14335 31 7 35 200
14336 31 7 36 538
14337 31 7 37 532
14338 31 7 38 512
14339 31 7 39 512
14340 31 7 40 512
14341 31 7 41 512
14342 31 7 42 548
14343 31 7 43 509
14344 31 7 44 135
14386 31 8 36 22
14387 31 8 37 212
14388 31 8 38 346
14389 31 8 39 388
14390 31 8 40 387
14391 31 8 41 336
14392 31 8 42 175
14393 31 8 43 6
14437 32 0 37 6
14438 32 0 38 156
14439 32 0 39 303
14440 32 0 40 323
14441 32 0 41 324
14442 32 0 42 290
14443 32 0 43 124
14444 32 0 44 2
14486 32 1 36 162
14487 32 1 37 515
14488 32 1 38 547
14489 32 1 39 512
14490 32 1 40 512
14491 32 1 41 512
14492 32 1 42 512
14493 32 1 43 556
14494 32 1 44 460
14495 32 1 45 96
14535 32 2 35 172
14536 32 2 36 563
14537 32 2 37 513
14538 32 2 38 512
14539 32 2 39 512
14540 32 2 40 512
14541 32 2 41 512
14542 32 2 42 512
14543 32 2 43 512
14544 32 2 44 519
14545 32 2 45 549
14546 32 2 46 108
14584 32 3 34 22
14585 32 3 35 466
14586 32 3 36 520
14587 32 3 37 512
14588 32 3 38 512
14589 32 3 39 512
14590 32 3 40 512
14591 32 3 41 512
14592 32 3 42 512
14593 32 3 43 512
14594 32 3 44 512
14595 32 3 45 535
14596 32 3 46 375
14597 32 3 47 2
14634 32 4 34 60
14635 32 4 35 516
14636 32 4 36 512
14637 32 4 37 512
14638 32 4 38 512
14639 32 4 39 512
14640 32 4 40 512
14641 32 4 41 512
14642 32 4 42 512
14643 32 4 43 512
14644 32 4 44 512
14645 32 4 45 512
14646 32 4 46 464
14647 32 4 47 16
14684 32 5 34 24
14685 32 5 35 483
14686 32 5 36 517
14687 32 5 37 512
14688 32 5 38 512
14689 32 5 39 512
14690 32 5 40 512
14691 32 5 41 512
14692 32 5 42 512
14693 32 5 43 512
14694 32 5 44 512
14695 32 5 45 531
14696 32 5 46 401
14697 32 5 47 4
14735 32 6 35 204
14736 32 6 36 564
14737 32 6 37 512
14738 32 6 38 512
14739 32 6 39 512
14740 32 6 40 512
14741 32 6 41 512
14742 32 6 42 512
14743 32 6 43 512
14744 32 6 44 516
14745 32 6 45 549
14746 32 6 46 119
14785 32 7 35 2
14786 32 7 36 200
14787 32 7 37 538
14788 32 7 38 532
14789 32 7 39 512
14790 32 7 40 512
14791 32 7 41 512
14792 32 7 42 512
14793 32 7 43 548
14794 32 7 44 509
14795 32 7 45 135
14837 32 8 37 22
14838 32 8 38 212
14839 32 8 39 346
14840 32 8 40 388
14841 32 8 41 387
14842 32 8 42 336
14843 32 8 43 175
14844 32 8 44 6
14888 33 0 38 6
14889 33 0 39 156
14890 33 0 40 303
14891 33 0 41 323
14892 33 0 42 324
14893 33 0 43 290
14894 33 0 44 124
14895 33 0 45 2
14937 33 1 37 162
14938 33 1 38 515
14939 33 1 39 547
14940 33 1 40 512
14941 33 1 41 512
14942 33 1 42 512
14943 33 1 43 512
14944 33 1 44 556
14945 33 1 45 460
14946 33 1 46 96
14986 33 2 36 172
14987 33 2 37 563
14988 33 2 38 513
14989 33 2 39 512
14990 33 2 40 512
14991 33 2 41 512
14992 33 2 42 512
14993 33 2 43 512
14994 33 2 44 512
14995 33 2 45 519
14996 33 2 46 549
14997 33 2 47 108
15035 33 3 35 22
15036 33 3 36 466
15037 33 3 37 520
15038 33 3 38 512
15039 33 3 39 512
15040 33 3 40 512
15041 33 3 41 512
15042 33 3 42 512
15043 33 3 43 512
15044 33 3 44 512
15045 33 3 45 512
15046 33 3 46 535
15047 33 3 47 375
15048 33 3 48 2
15085 33 4 35 60
15086 33 4 36 516
15087 33 4 37 512
15088 33 4 38 512
15089 33 4 39 512
15090 33 4 40 512
15091 33 4 41 512
15092 33 4 42 512
15093 33 4 43 512
15094 33 4 44 512
15095 33 4 45 512
15096 33 4 46 512
15097 33 4 47 464
15098 33 4 48 16
15135 33 5 35 24
15136 33 5 36 483
15137 33 5 37 517
15138 33 5 38 512
15139 33 5 39 512
15140 33 5 40 512
15141 33 5 41 512
15142 33 5 42 512
15143 33 5 43 512
15144 33 5 44 512
15145 33 5 45 512
15146 33 5 46 531
15147 33 5 47 401
15148 33 5 48 4
15186 33 6 36 204
15187 33 6 37 564
15188 33 6 38 512
15189 33 6 39 512
15190 33 6 40 512
15191 33 6 41 512
15192 33 6 42 512
15193 33 6 43 512
15194 33 6 44 512
15195 33 6 45 516
15196 33 6 46 549
15197 33 6 47 119
15236 33 7 36 2
15237 33 7 37 200
15238 33 7 38 538
15239 33 7 39 532
15240 33 7 40 512
15241 33 7 41 512
15242 33 7 42 512
15243 33 7 43 512
15244 33 7 44 548
15245 33 7 45 509
15246 33 7 46 135
15288 33 8 38 22
15289 33 8 39 212
15290 33 8 40 346
15291 33 8 41 388
15292 33 8 42 387
15293 33 8 43 336
15294 33 8 44 175
15295 33 8 45 6
15339 34 0 39 6
15340 34 0 40 156
15341 34 0 41 303
15342 34 0 42 323
15343 34 0 43 324
15344 34 0 44 290
15345 34 0 45 124
15346 34 0 46 2
15388 34 1 38 162
15389 34 1 39 515
15390 34 1 40 547
15391 34 1 41 512
15392 34 1 42 512
15393 34 1 43 512
15394 34 1 44 512
15395 34 1 45 556
15396 34 1 46 460
15397 34 1 47 96
15437 34 2 37 172
15438 34 2 38 563
15439 34 2 39 513
15440 34 2 40 512
15441 34 2 41 512
15442 34 2 42 512
15443 34 2 43 512
15444 34 2 44 512
15445 34 2 45 512
15446 34 2 46 519
15447 34 2 47 549
15448 34 2 48 108
15486 34 3 36 22
15487 34 3 37 466
15488 34 3 38 520
15489 34 3 39 512
15490 34 3 40 512
15491 34 3 41 512
15492 34 3 42 512
15493 34 3 43 512
15494 34 3 44 512
15495 34 3 45 512
15496 34 3 46 512
15497 34 3 47 535
15498 34 3 48 375
15499 34 3 49 2
15536 34 4 36 60
15537 34 4 37 516
15538 34 4 38 512
15539 34 4 39 512
15540 34 4 40 512
15541 34 4 41 512
15542 34 4 42 512
15543 34 4 43 512
15544 34 4 44 512
15545 34 4 45 512
15546 34 4 46 512
15547 34 4 47 512
15548 34 4 48 464
15549 34 4 49 16
15586 34 5 36 24
15587 34 5 37 483
15588 34 5 38 517
15589 34 5 39 512
15590 34 5 40 512
15591 34 5 41 512
15592 34 5 42 512
15593 34 5 43 512
15594 34 5 44 512
15595 34 5 45 512
15596 34 5 46 512
15597 34 5 47 531
15598 34 5 48 401
15599 34 5 49 4
15637 34 6 37 204
15638 34 6 38 564
15639 34 6 39 512
15640 34 6 40 512
15641 34 6 41 512
15642 34 6 42 512
15643 34 6 43 512
15644 34 6 44 512
15645 34 6 45 512
15646 34 6 46 516
15647 34 6 47 549
15648 34 6 48 119
15687 34 7 37 2
15688 34 7 38 200
15689 34 7 39 538
15690 34 7 40 532
15691 34 7 41 512
15692 34 7 42 512
15693 34 7 43 512
15694 34 7 44 512
15695 34 7 45 548
15696 34 7 46 509
15697 34 7 47 135
15739 34 8 39 22
15740 34 8 40 212
15741 34 8 41 346
15742 34 8 42 388
15743 34 8 43 387
15744 34 8 44 336
15745 34 8 45 175
15746 34 8 46 6
15790 35 0 40 6
15791 35 0 41 156
15792 35 0 42 303
15793 35 0 43 323
15794 35 0 44 324
15795 35 0 45 290
15796 35 0 46 124
15797 35 0 47 2
15839 35 1 39 162
15840 35 1 40 515
15841 35 1 41 547
15842 35 1 42 512
15843 35 1 43 512
15844 35 1 44 512
15845 35 1 45 512
15846 35 1 46 556
15847 35 1 47 460
15848 35 1 48 102
15888 35 2 38 172
15889 35 2 39 563
15890 35 2 40 513
15891 35 2 41 512
15892 35 2 42 512
15893 35 2 43 512
15894 35 2 44 512
15895 35 2 45 512
15896 35 2 46 512
15897 35 2 47 519
15898 35 2 48 646
15899 35 2 49 26
15937 35 3 37 22
15938 35 3 38 466
15939 35 3 39 520
15940 35 3 40 512
15941 35 3 41 512
15942 35 3 42 512
15943 35 3 43 512
15944 35 3 44 512
15945 35 3 45 512
15946 35 3 46 512
15947 35 3 47 512
15948 35 3 48 679
15949 35 3 49 183
15987 35 4 37 60
15988 35 4 38 516
15989 35 4 39 512
15990 35 4 40 512
15991 35 4 41 512
15992 35 4 42 512
15993 35 4 43 512
15994 35 4 44 512
15995 35 4 45 512
15996 35 4 46 512
15997 35 4 47 512
15998 35 4 48 656
15999 35 4 49 256
16037 35 5 37 24
16038 35 5 38 483
16039 35 5 39 517
16040 35 5 40 512
16041 35 5 41 512
16042 35 5 42 512
16043 35 5 43 512
16044 35 5 44 512
16045 35 5 45 512
16046 35 5 46 512
16047 35 5 47 512
16048 35 5 48 675
16049 35 5 49 201
16088 35 6 38 204
16089 35 6 39 564
16090 35 6 40 512
16091 35 6 41 512
16092 35 6 42 512
16093 35 6 43 512
16094 35 6 44 512
16095 35 6 45 512
16096 35 6 46 512
16097 35 6 47 516
16098 35 6 48 652
16099 35 6 49 30
16138 35 7 38 2
16139 35 7 39 200
16140 35 7 40 538
16141 35 7 41 532
16142 35 7 42 512
16143 35 7 43 512
16144 35 7 44 512
16145 35 7 45 512
16146 35 7 46 548
16147 35 7 47 509
16148 35 7 48 145
16190 35 8 40 22
16191 35 8 41 212
16192 35 8 42 346
16193 35 8 43 388
16194 35 8 44 387
16195 35 8 45 336
16196 35 8 46 175
16197 35 8 47 6
16241 36 0 41 6
16242 36 0 42 156
16243 36 0 43 303
16244 36 0 44 323
16245 36 0 45 324
16246 36 0 46 290
16247 36 0 47 132
16290 36 1 40 162
16291 36 1 41 515
16292 36 1 42 547
16293 36 1 43 512
16294 36 1 44 512
16295 36 1 45 512
16296 36 1 46 512
16297 36 1 47 692
16298 36 1 48 231
16339 36 2 39 172
16340 36 2 40 563
16341 36 2 41 513
16342 36 2 42 512
16343 36 2 43 512
16344 36 2 44 512
16345 36 2 45 512
16346 36 2 46 512
16347 36 2 47 656
16348 36 2 48 336
16388 36 3 38 22
16389 36 3 39 466
16390 36 3 40 520
16391 36 3 41 512
16392 36 3 42 512
16393 36 3 43 512
16394 36 3 44 512
16395 36 3 45 512
16396 36 3 46 512
16397 36 3 47 656
16398 36 3 48 336
16438 36 4 38 60
16439 36 4 39 516
16440 36 4 40 512
16441 36 4 41 512
16442 36 4 42 512
16443 36 4 43 512
16444 36 4 44 512
16445 36 4 45 512
16446 36 4 46 512
16447 36 4 47 656
16448 36 4 48 336
16488 36 5 38 24
16489 36 5 39 483
16490 36 5 40 517
16491 36 5 41 512
16492 36 5 42 512
16493 36 5 43 512
16494 36 5 44 512
16495 36 5 45 512
16496 36 5 46 512
16497 36 5 47 656
16498 36 5 48 336
16539 36 6 39 204
16540 36 6 40 564
16541 36 6 41 512
16542 36 6 42 512
16543 36 6 43 512
16544 36 6 44 512
16545 36 6 45 512
16546 36 6 46 512
16547 36 6 47 656
16548 36 6 48 336
16589 36 7 39 2
16590 36 7 40 200
16591 36 7 41 538
16592 36 7 42 532
16593 36 7 43 512
16594 36 7 44 512
16595 36 7 45 512
16596 36 7 46 512
16597 36 7 47 688
16598 36 7 48 265
16641 36 8 41 22
16642 36 8 42 212
16643 36 8 43 346
16644 36 8 44 388
16645 36 8 45 387
16646 36 8 46 336
16647 36 8 47 189
16692 37 0 42 6
16693 37 0 43 156
16694 37 0 44 303
16695 37 0 45 323
16696 37 0 46 386
16697 37 0 47 140
16741 37 1 41 162
16742 37 1 42 515
16743 37 1 43 547
16744 37 1 44 512
16745 37 1 45 512
16746 37 1 46 656
16747 37 1 47 336
16790 37 2 40 172
16791 37 2 41 563
16792 37 2 42 513
16793 37 2 43 512
16794 37 2 44 512
16795 37 2 45 512
16796 37 2 46 656
16797 37 2 47 336
16839 37 3 39 22
16840 37 3 40 466
16841 37 3 41 520
16842 37 3 42 512
16843 37 3 43 512
16844 37 3 44 512
16845 37 3 45 512
16846 37 3 46 656
16847 37 3 47 336
16889 37 4 39 60
16890 37 4 40 516
16891 37 4 41 512
16892 37 4 42 512
16893 37 4 43 512
16894 37 4 44 512
16895 37 4 45 512
16896 37 4 46 656
16897 37 4 47 336
16939 37 5 39 24
16940 37 5 40 483
16941 37 5 41 517
16942 37 5 42 512
16943 37 5 43 512
16944 37 5 44 512
16945 37 5 45 512
16946 37 5 46 656
16947 37 5 47 336
16990 37 6 40 204
16991 37 6 41 564
16992 37 6 42 512
16993 37 6 43 512
16994 37 6 44 512
16995 37 6 45 512
16996 37 6 46 656
16997 37 6 47 336
17040 37 7 40 2
17041 37 7 41 200
17042 37 7 42 538
17043 37 7 43 532
17044 37 7 44 512
17045 37 7 45 512
17046 37 7 46 656
17047 37 7 47 336
17092 37 8 42 22
17093 37 8 43 212
17094 37 8 44 346
17095 37 8 45 388
17096 37 8 46 466
17097 37 8 47 168
17143 38 0 43 6
17144 38 0 44 156
17145 38 0 45 351
17146 38 0 46 174
17192 38 1 42 162
17193 38 1 43 515
17194 38 1 44 547
17195 38 1 45 656
17196 38 1 46 336
17241 38 2 41 172
17242 38 2 42 563
17243 38 2 43 513
17244 38 2 44 512
17245 38 2 45 656
17246 38 2 46 336
17290 38 3 40 22
17291 38 3 41 466
17292 38 3 42 520
17293 38 3 43 512
17294 38 3 44 512
17295 38 3 45 656
17296 38 3 46 336
17340 38 4 40 60
17341 38 4 41 516
17342 38 4 42 512
17343 38 4 43 512
17344 38 4 44 512
17345 38 4 45 656
17346 38 4 46 336
17390 38 5 40 24
17391 38 5 41 483
17392 38 5 42 517
17393 38 5 43 512
17394 38 5 44 512
17395 38 5 45 656
17396 38 5 46 336
17441 38 6 41 204
17442 38 6 42 564
17443 38 6 43 512
17444 38 6 44 512
17445 38 6 45 656
17446 38 6 46 336
17491 38 7 41 2
17492 38 7 42 200
17493 38 7 43 538
17494 38 7 44 532
17495 38 7 45 656
17496 38 7 46 336
17543 38 8 43 22
17544 38 8 44 212
17545 38 8 45 404
17546 38 8 46 216
17594 39 0 44 6
17595 39 0 45 64
17643 39 1 43 162
17644 39 1 44 603
17645 39 1 45 338
17692 39 2 42 172
17693 39 2 43 563
17694 39 2 44 657
17695 39 2 45 336
17741 39 3 41 22
17742 39 3 42 466
17743 39 3 43 520
17744 39 3 44 656
17745 39 3 45 336
17791 39 4 41 60
17792 39 4 42 516
17793 39 4 43 512
17794 39 4 44 656
17795 39 4 45 336
17841 39 5 41 24
17842 39 5 42 483
17843 39 5 43 517
17844 39 5 44 656
17845 39 5 45 336
17892 39 6 42 204
17893 39 6 43 564
17894 39 6 44 656
17895 39 6 45 336
17942 39 7 42 2
17943 39 7 43 200
17944 39 7 44 638
17945 39 7 45 336
17994 39 8 44 22
17995 39 8 45 94
18094 40 1 44 60
18143 40 2 43 184
18144 40 2 44 322
18192 40 3 42 22
18193 40 3 43 530
18194 40 3 44 336
18242 40 4 42 60
18243 40 4 43 616
18244 40 4 44 336
18292 40 5 42 24
18293 40 5 43 550
18294 40 5 44 336
18343 40 6 43 219
18344 40 6 44 331
18393 40 7 43 2
18394 40 7 44 76
